28 0.51171875 0.19375 0.3484375 0.5166666666666667
28 0.5234375 0.16041666666666668 0.290625 0.42916666666666664
28 0.54296875 0.13333333333333333 0.2421875 0.35833333333333334
28 0.54296875 0.13333333333333333 0.2421875 0.35833333333333334
28 0.54296875 0.18645833333333334 0.2421875 0.3229166666666667
28 0.51640625 0.18645833333333334 0.2421875 0.3229166666666667
28 0.51953125 0.184375 0.2015625 0.26875
28 0.51953125 0.184375 0.2015625 0.26875
28 0.51953125 0.184375 0.2015625 0.26875
28 0.51953125 0.184375 0.2015625 0.26875
28 0.51953125 0.184375 0.2015625 0.26875
28 0.51953125 0.215625 0.2015625 0.26875
28 0.51953125 0.215625 0.2015625 0.26875
28 0.525 0.228125 0.16875 0.22291666666666668
28 0.54140625 0.24479166666666666 0.2015625 0.26875
28 0.54140625 0.24479166666666666 0.2015625 0.26875
28 0.54375 0.253125 0.16875 0.22291666666666668
28 0.54140625 0.27395833333333336 0.2015625 0.26875
28 0.54375 0.278125 0.16875 0.22291666666666668
28 0.54140625 0.30520833333333336 0.2015625 0.26875
28 0.54140625 0.30520833333333336 0.2015625 0.26875
28 0.54375 0.303125 0.16875 0.22291666666666668
28 0.54375 0.303125 0.16875 0.22291666666666668
28 0.54375 0.303125 0.16875 0.22291666666666668
28 0.54375 0.303125 0.16875 0.22291666666666668
28 0.54140625 0.30520833333333336 0.2015625 0.26875
28 0.54140625 0.30520833333333336 0.2015625 0.26875
28 0.54375 0.303125 0.16875 0.22291666666666668
28 0.54375 0.303125 0.16875 0.22291666666666668
28 0.54375 0.303125 0.16875 0.22291666666666668
28 0.54375 0.303125 0.16875 0.22291666666666668
28 0.54375 0.303125 0.16875 0.22291666666666668
28 0.54375 0.303125 0.16875 0.22291666666666668
28 0.54375 0.303125 0.16875 0.22291666666666668
28 0.54375 0.303125 0.16875 0.22291666666666668
28 0.54375 0.303125 0.16875 0.22291666666666668
28 0.54375 0.303125 0.16875 0.22291666666666668
28 0.54375 0.303125 0.16875 0.22291666666666668
28 0.54375 0.303125 0.16875 0.22291666666666668
28 0.54375 0.303125 0.16875 0.22291666666666668
28 0.54375 0.303125 0.16875 0.22291666666666668
28 0.54375 0.303125 0.16875 0.22291666666666668
28 0.54375 0.303125 0.16875 0.22291666666666668
28 0.54375 0.303125 0.16875 0.22291666666666668
28 0.54375 0.303125 0.16875 0.22291666666666668
28 0.54375 0.303125 0.16875 0.22291666666666668
28 0.54375 0.303125 0.16875 0.22291666666666668
28 0.54375 0.303125 0.16875 0.22291666666666668
28 0.54375 0.303125 0.16875 0.22291666666666668
28 0.54375 0.303125 0.16875 0.22291666666666668
28 0.54375 0.303125 0.16875 0.22291666666666668
28 0.54375 0.303125 0.16875 0.22291666666666668
28 0.54375 0.303125 0.16875 0.22291666666666668
28 0.54375 0.303125 0.16875 0.22291666666666668
28 0.54375 0.303125 0.16875 0.22291666666666668
28 0.54375 0.303125 0.16875 0.22291666666666668
28 0.54375 0.303125 0.16875 0.22291666666666668
28 0.54375 0.303125 0.16875 0.22291666666666668
28 0.54375 0.303125 0.16875 0.22291666666666668
28 0.54375 0.303125 0.16875 0.22291666666666668
28 0.54375 0.303125 0.16875 0.22291666666666668
28 0.54375 0.303125 0.16875 0.22291666666666668
28 0.54375 0.303125 0.16875 0.22291666666666668
28 0.54375 0.303125 0.16875 0.22291666666666668
28 0.54375 0.303125 0.16875 0.22291666666666668
28 0.54375 0.303125 0.16875 0.22291666666666668
28 0.54140625 0.334375 0.2015625 0.26875
28 0.54140625 0.334375 0.2015625 0.26875
28 0.54140625 0.334375 0.2015625 0.26875
28 0.54140625 0.334375 0.2015625 0.26875
28 0.54140625 0.334375 0.2015625 0.26875
28 0.54296875 0.3302083333333333 0.2421875 0.3229166666666667
28 0.54296875 0.3302083333333333 0.2421875 0.3229166666666667
28 0.56953125 0.3302083333333333 0.2421875 0.3229166666666667
28 0.56953125 0.3302083333333333 0.2421875 0.3229166666666667
28 0.5875 0.3541666666666667 0.290625 0.3875
28 0.58984375 0.37395833333333334 0.3484375 0.46458333333333335
28 0.628125 0.321875 0.346875 0.46458333333333335
28 0.66640625 0.321875 0.3484375 0.46458333333333335
28 0.7078125 0.3260416666666667 0.41875 0.55625
28 0.73828125 0.28020833333333334 0.5015625 0.74375
17 0.36171875 0.39791666666666664 0.2890625 0.3875
6 0.39375 0.3541666666666667 0.290625 0.3875
6 0.4265625 0.31145833333333334 0.290625 0.3854166666666667
6 0.43515625 0.2947916666666667 0.2421875 0.3229166666666667
6 0.46171875 0.2947916666666667 0.2421875 0.3229166666666667
6 0.47421875 0.27395833333333336 0.2015625 0.26875
6 0.49609375 0.27395833333333336 0.2015625 0.26875
6 0.49609375 0.27395833333333336 0.2015625 0.26875
6 0.50625 0.278125 0.16875 0.22291666666666668
6 0.51953125 0.27395833333333336 0.2015625 0.26875
6 0.51953125 0.27395833333333336 0.2015625 0.26875
6 0.51953125 0.27395833333333336 0.2015625 0.26875
6 0.51953125 0.27395833333333336 0.2015625 0.26875
6 0.50625 0.278125 0.16875 0.22291666666666668
6 0.50625 0.278125 0.16875 0.22291666666666668
6 0.50625 0.278125 0.16875 0.22291666666666668
6 0.50625 0.278125 0.16875 0.22291666666666668
6 0.50625 0.278125 0.16875 0.22291666666666668
6 0.50625 0.303125 0.16875 0.22291666666666668
6 0.50625 0.303125 0.16875 0.22291666666666668
6 0.50625 0.303125 0.16875 0.22291666666666668
6 0.50625 0.303125 0.16875 0.22291666666666668
6 0.50625 0.303125 0.16875 0.22291666666666668
6 0.50625 0.303125 0.16875 0.22291666666666668
6 0.50625 0.303125 0.16875 0.22291666666666668
6 0.50625 0.303125 0.16875 0.22291666666666668
6 0.50625 0.278125 0.16875 0.22291666666666668
6 0.50625 0.303125 0.16875 0.22291666666666668
6 0.49609375 0.30520833333333336 0.2015625 0.26875
6 0.49609375 0.30520833333333336 0.2015625 0.26875
6 0.50625 0.278125 0.16875 0.22291666666666668
6 0.49609375 0.30520833333333336 0.2015625 0.26875
6 0.49609375 0.30520833333333336 0.2015625 0.26875
6 0.49609375 0.30520833333333336 0.2015625 0.26875
6 0.49609375 0.30520833333333336 0.2015625 0.26875
6 0.50625 0.303125 0.16875 0.22291666666666668
6 0.49609375 0.30520833333333336 0.2015625 0.26875
6 0.49609375 0.30520833333333336 0.2015625 0.26875
6 0.49609375 0.30520833333333336 0.2015625 0.26875
6 0.50625 0.303125 0.16875 0.22291666666666668
6 0.50625 0.303125 0.16875 0.22291666666666668
6 0.50625 0.303125 0.16875 0.22291666666666668
6 0.51953125 0.334375 0.2015625 0.26875
6 0.51953125 0.334375 0.2015625 0.26875
6 0.51953125 0.334375 0.2015625 0.26875
6 0.54296875 0.365625 0.2421875 0.3229166666666667
6 0.54296875 0.3302083333333333 0.2421875 0.3229166666666667
6 0.5546875 0.3541666666666667 0.290625 0.3875
6 0.5875 0.3541666666666667 0.290625 0.3875
28 0.5875 0.3541666666666667 0.290625 0.3875
27 0.70546875 0.37395833333333334 0.3484375 0.46458333333333335
0 0.6515625 0.3541666666666667 0.290625 0.3875
0 0.61953125 0.31145833333333334 0.2890625 0.3854166666666667
0 0.61953125 0.31145833333333334 0.2890625 0.3854166666666667
27 0.59609375 0.259375 0.2421875 0.3229166666666667
27 0.59609375 0.259375 0.2421875 0.3229166666666667
27 0.56953125 0.259375 0.2421875 0.3229166666666667
27 0.56953125 0.259375 0.2421875 0.3229166666666667
27 0.56953125 0.259375 0.2421875 0.3229166666666667
27 0.56328125 0.24479166666666666 0.2015625 0.26875
27 0.56328125 0.24479166666666666 0.2015625 0.26875
27 0.56328125 0.24479166666666666 0.2015625 0.26875
27 0.56328125 0.24479166666666666 0.2015625 0.26875
27 0.56328125 0.24479166666666666 0.2015625 0.26875
27 0.56328125 0.24479166666666666 0.2015625 0.26875
27 0.54140625 0.24479166666666666 0.2015625 0.26875
27 0.54140625 0.24479166666666666 0.2015625 0.26875
27 0.54140625 0.24479166666666666 0.2015625 0.26875
27 0.54140625 0.24479166666666666 0.2015625 0.26875
27 0.51953125 0.24479166666666666 0.2015625 0.26875
27 0.51953125 0.24479166666666666 0.2015625 0.26875
27 0.51953125 0.24479166666666666 0.2015625 0.26875
27 0.51953125 0.24479166666666666 0.2015625 0.26875
27 0.51953125 0.27395833333333336 0.2015625 0.26875
27 0.51953125 0.24479166666666666 0.2015625 0.26875
27 0.51953125 0.24479166666666666 0.2015625 0.26875
27 0.54140625 0.27395833333333336 0.2015625 0.26875
27 0.54140625 0.24479166666666666 0.2015625 0.26875
27 0.54140625 0.24479166666666666 0.2015625 0.26875
27 0.54140625 0.24479166666666666 0.2015625 0.26875
27 0.54140625 0.24479166666666666 0.2015625 0.26875
27 0.54140625 0.24479166666666666 0.2015625 0.26875
27 0.54140625 0.24479166666666666 0.2015625 0.26875
27 0.54140625 0.24479166666666666 0.2015625 0.26875
27 0.54140625 0.24479166666666666 0.2015625 0.26875
27 0.54140625 0.24479166666666666 0.2015625 0.26875
27 0.54140625 0.27395833333333336 0.2015625 0.26875
27 0.54140625 0.27395833333333336 0.2015625 0.26875
27 0.54140625 0.27395833333333336 0.2015625 0.26875
27 0.54140625 0.24479166666666666 0.2015625 0.26875
27 0.54140625 0.27395833333333336 0.2015625 0.26875
27 0.54140625 0.27395833333333336 0.2015625 0.26875
27 0.54140625 0.27395833333333336 0.2015625 0.26875
27 0.54140625 0.27395833333333336 0.2015625 0.26875
27 0.54140625 0.27395833333333336 0.2015625 0.26875
27 0.56328125 0.27395833333333336 0.2015625 0.26875
27 0.56328125 0.27395833333333336 0.2015625 0.26875
0 0.59609375 0.2947916666666667 0.2421875 0.3229166666666667
0 0.6234375 0.2947916666666667 0.240625 0.3229166666666667
0 0.65078125 0.2947916666666667 0.2421875 0.3229166666666667
28 0.684375 0.26875 0.290625 0.3875
0 0.71640625 0.26875 0.2890625 0.3875
0 0.7484375 0.31145833333333334 0.290625 0.3854166666666667
28 0.58984375 0.37395833333333334 0.3484375 0.46458333333333335
28 0.5546875 0.3541666666666667 0.290625 0.3875
28 0.5234375 0.3541666666666667 0.290625 0.3875
28 0.490625 0.3541666666666667 0.290625 0.3875
28 0.4890625 0.365625 0.240625 0.3229166666666667
28 0.47421875 0.36354166666666665 0.2015625 0.26875
28 0.47421875 0.36354166666666665 0.2015625 0.26875
28 0.45234375 0.36354166666666665 0.2015625 0.26875
28 0.45234375 0.36354166666666665 0.2015625 0.26875
28 0.45234375 0.36354166666666665 0.2015625 0.26875
28 0.45078125 0.353125 0.1671875 0.22291666666666668
28 0.45078125 0.353125 0.1671875 0.22291666666666668
28 0.45078125 0.353125 0.1671875 0.22291666666666668
28 0.45078125 0.353125 0.1671875 0.22291666666666668
24 0.46953125 0.353125 0.1671875 0.22291666666666668
24 0.46953125 0.353125 0.1671875 0.22291666666666668
28 0.48828125 0.353125 0.1671875 0.22291666666666668
28 0.48828125 0.353125 0.1671875 0.22291666666666668
28 0.48828125 0.353125 0.1671875 0.22291666666666668
28 0.50625 0.353125 0.16875 0.22291666666666668
28 0.50625 0.353125 0.16875 0.22291666666666668
28 0.50625 0.353125 0.16875 0.22291666666666668
28 0.50625 0.353125 0.16875 0.22291666666666668
28 0.50625 0.353125 0.16875 0.22291666666666668
28 0.50625 0.353125 0.16875 0.22291666666666668
28 0.50625 0.353125 0.16875 0.22291666666666668
28 0.50625 0.353125 0.16875 0.22291666666666668
28 0.50625 0.353125 0.16875 0.22291666666666668
28 0.50625 0.353125 0.16875 0.22291666666666668
28 0.49609375 0.36354166666666665 0.2015625 0.26875
28 0.48828125 0.353125 0.1671875 0.22291666666666668
28 0.48828125 0.353125 0.1671875 0.22291666666666668
28 0.48828125 0.353125 0.1671875 0.22291666666666668
28 0.49609375 0.36354166666666665 0.2015625 0.26875
28 0.50625 0.378125 0.16875 0.22291666666666668
28 0.51953125 0.39479166666666665 0.2015625 0.26875
28 0.54140625 0.39479166666666665 0.2015625 0.26875
25 0.56875 0.23229166666666667 0.41875 0.61875
2 0.521875 0.3260416666666667 0.41875 0.55625
2 0.521875 0.3260416666666667 0.41875 0.55625
7 0.47578125 0.3260416666666667 0.4171875 0.55625
2 0.45859375 0.26875 0.2890625 0.3875
2 0.45859375 0.31145833333333334 0.2890625 0.3854166666666667
2 0.43515625 0.2947916666666667 0.2421875 0.3229166666666667
2 0.43515625 0.3302083333333333 0.2421875 0.3229166666666667
2 0.43515625 0.3302083333333333 0.2421875 0.3229166666666667
2 0.45234375 0.334375 0.2015625 0.26875
2 0.45234375 0.334375 0.2015625 0.26875
2 0.45234375 0.334375 0.2015625 0.26875
2 0.45078125 0.353125 0.1671875 0.22291666666666668
2 0.45078125 0.353125 0.1671875 0.22291666666666668
2 0.45078125 0.353125 0.1671875 0.22291666666666668
2 0.46953125 0.353125 0.1671875 0.22291666666666668
2 0.46953125 0.353125 0.1671875 0.22291666666666668
2 0.46953125 0.353125 0.1671875 0.22291666666666668
2 0.46953125 0.353125 0.1671875 0.22291666666666668
2 0.46953125 0.353125 0.1671875 0.22291666666666668
2 0.46953125 0.353125 0.1671875 0.22291666666666668
2 0.46953125 0.353125 0.1671875 0.22291666666666668
2 0.47421875 0.36354166666666665 0.2015625 0.26875
2 0.47421875 0.36354166666666665 0.2015625 0.26875
2 0.46953125 0.353125 0.1671875 0.22291666666666668
2 0.46953125 0.353125 0.1671875 0.22291666666666668
2 0.46953125 0.353125 0.1671875 0.22291666666666668
2 0.46953125 0.353125 0.1671875 0.22291666666666668
2 0.46953125 0.353125 0.1671875 0.22291666666666668
2 0.46953125 0.353125 0.1671875 0.22291666666666668
2 0.46953125 0.353125 0.1671875 0.22291666666666668
2 0.46953125 0.353125 0.1671875 0.22291666666666668
2 0.46953125 0.353125 0.1671875 0.22291666666666668
2 0.46953125 0.353125 0.1671875 0.22291666666666668
2 0.46953125 0.353125 0.1671875 0.22291666666666668
2 0.46953125 0.353125 0.1671875 0.22291666666666668
2 0.46953125 0.378125 0.1671875 0.22291666666666668
2 0.46953125 0.378125 0.1671875 0.22291666666666668
2 0.46953125 0.378125 0.1671875 0.22291666666666668
2 0.47421875 0.36354166666666665 0.2015625 0.26875
7 0.48828125 0.353125 0.1671875 0.22291666666666668
7 0.49609375 0.334375 0.2015625 0.26875
7 0.51953125 0.334375 0.2015625 0.26875
7 0.51953125 0.30520833333333336 0.2015625 0.26875
7 0.54140625 0.30520833333333336 0.2015625 0.26875
7 0.54140625 0.30520833333333336 0.2015625 0.26875
7 0.56953125 0.2947916666666667 0.2421875 0.3229166666666667
7 0.59609375 0.2947916666666667 0.2421875 0.3229166666666667
2 0.61953125 0.31145833333333334 0.2890625 0.3854166666666667
28 0.684375 0.26875 0.290625 0.3875
2 0.71640625 0.26875 0.2890625 0.3875
28 0.5546875 0.4395833333333333 0.290625 0.3875
11 0.54296875 0.40208333333333335 0.2421875 0.32083333333333336
7 0.51640625 0.40208333333333335 0.2421875 0.32083333333333336
28 0.49609375 0.36354166666666665 0.2015625 0.26875
28 0.49609375 0.36354166666666665 0.2015625 0.26875
28 0.47421875 0.36354166666666665 0.2015625 0.26875
28 0.47421875 0.36354166666666665 0.2015625 0.26875
24 0.47421875 0.36354166666666665 0.2015625 0.26875
24 0.47421875 0.36354166666666665 0.2015625 0.26875
28 0.46953125 0.353125 0.1671875 0.22291666666666668
28 0.46953125 0.378125 0.1671875 0.22291666666666668
5 0.46953125 0.378125 0.1671875 0.22291666666666668
5 0.46953125 0.378125 0.1671875 0.22291666666666668
15 0.46953125 0.378125 0.1671875 0.22291666666666668
5 0.46953125 0.378125 0.1671875 0.22291666666666668
28 0.46953125 0.378125 0.1671875 0.22291666666666668
28 0.46953125 0.378125 0.1671875 0.22291666666666668
28 0.46953125 0.378125 0.1671875 0.22291666666666668
5 0.46953125 0.378125 0.1671875 0.22291666666666668
28 0.46953125 0.378125 0.1671875 0.22291666666666668
28 0.46953125 0.378125 0.1671875 0.22291666666666668
28 0.46953125 0.378125 0.1671875 0.22291666666666668
28 0.47421875 0.39479166666666665 0.2015625 0.26875
5 0.47421875 0.39479166666666665 0.2015625 0.26875
5 0.47421875 0.39479166666666665 0.2015625 0.26875
24 0.47421875 0.39479166666666665 0.2015625 0.26875
5 0.47421875 0.39479166666666665 0.2015625 0.26875
5 0.46953125 0.403125 0.1671875 0.22291666666666668
5 0.46953125 0.403125 0.1671875 0.22291666666666668
5 0.46953125 0.403125 0.1671875 0.22291666666666668
5 0.46953125 0.403125 0.1671875 0.22291666666666668
15 0.47421875 0.4239583333333333 0.2015625 0.26875
21 0.47421875 0.4239583333333333 0.2015625 0.26875
21 0.47421875 0.453125 0.2015625 0.26875
1 0.46015625 0.6885416666666667 0.5015625 0.66875
28 0.47578125 0.6354166666666666 0.4171875 0.5583333333333333
28 0.47265625 0.5802083333333333 0.3484375 0.46458333333333335
28 0.47265625 0.5802083333333333 0.3484375 0.46458333333333335
28 0.45859375 0.5260416666666666 0.2890625 0.3854166666666667
28 0.45859375 0.5260416666666666 0.2890625 0.3854166666666667
27 0.43515625 0.509375 0.2421875 0.3229166666666667
27 0.43515625 0.509375 0.2421875 0.3229166666666667
27 0.43515625 0.4739583333333333 0.2421875 0.3229166666666667
27 0.40859375 0.4739583333333333 0.2421875 0.3229166666666667
27 0.40703125 0.453125 0.2015625 0.26875
27 0.40703125 0.453125 0.2015625 0.26875
27 0.40703125 0.453125 0.2015625 0.26875
27 0.40703125 0.453125 0.2015625 0.26875
27 0.40703125 0.453125 0.2015625 0.26875
27 0.41328125 0.45208333333333334 0.1671875 0.225
27 0.41328125 0.45208333333333334 0.1671875 0.225
27 0.41328125 0.45208333333333334 0.1671875 0.225
27 0.41328125 0.45208333333333334 0.1671875 0.225
27 0.41328125 0.45208333333333334 0.1671875 0.225
27 0.41328125 0.45208333333333334 0.1671875 0.225
27 0.41328125 0.45208333333333334 0.1671875 0.225
27 0.41328125 0.45208333333333334 0.1671875 0.225
27 0.41328125 0.45208333333333334 0.1671875 0.225
27 0.41328125 0.45208333333333334 0.1671875 0.225
27 0.41328125 0.45208333333333334 0.1671875 0.225
27 0.41328125 0.45208333333333334 0.1671875 0.225
27 0.41328125 0.45208333333333334 0.1671875 0.225
27 0.39453125 0.45208333333333334 0.1671875 0.225
27 0.39453125 0.45208333333333334 0.1671875 0.225
27 0.39453125 0.45208333333333334 0.1671875 0.225
27 0.39453125 0.47708333333333336 0.1671875 0.225
27 0.39453125 0.47708333333333336 0.1671875 0.225
27 0.39453125 0.5020833333333333 0.1671875 0.225
27 0.45078125 0.5770833333333333 0.1671875 0.225
27 0.45078125 0.5770833333333333 0.1671875 0.225
1 0.46171875 0.6177083333333333 0.2421875 0.3229166666666667
1 0.46171875 0.6177083333333333 0.2421875 0.3229166666666667
1 0.46171875 0.6177083333333333 0.2421875 0.3229166666666667
7 0.5875 0.3541666666666667 0.290625 0.3875
11 0.5546875 0.39791666666666664 0.290625 0.3875
11 0.54296875 0.40208333333333335 0.2421875 0.32083333333333336
11 0.51640625 0.40208333333333335 0.2421875 0.32083333333333336
11 0.49609375 0.39479166666666665 0.2015625 0.26875
11 0.49609375 0.39479166666666665 0.2015625 0.26875
11 0.47421875 0.39479166666666665 0.2015625 0.26875
11 0.47421875 0.39479166666666665 0.2015625 0.26875
11 0.47421875 0.39479166666666665 0.2015625 0.26875
11 0.46953125 0.403125 0.1671875 0.22291666666666668
11 0.46953125 0.403125 0.1671875 0.22291666666666668
11 0.45078125 0.403125 0.1671875 0.22291666666666668
11 0.45078125 0.403125 0.1671875 0.22291666666666668
11 0.45078125 0.403125 0.1671875 0.22291666666666668
11 0.45078125 0.403125 0.1671875 0.22291666666666668
11 0.45078125 0.403125 0.1671875 0.22291666666666668
11 0.45078125 0.403125 0.1671875 0.22291666666666668
11 0.46796875 0.41770833333333335 0.1390625 0.18541666666666667
11 0.46796875 0.41770833333333335 0.1390625 0.18541666666666667
11 0.46796875 0.41770833333333335 0.1390625 0.18541666666666667
11 0.46796875 0.41770833333333335 0.1390625 0.18541666666666667
11 0.46796875 0.41770833333333335 0.1390625 0.18541666666666667
11 0.46796875 0.41770833333333335 0.1390625 0.18541666666666667
11 0.46796875 0.41770833333333335 0.1390625 0.18541666666666667
11 0.46796875 0.41770833333333335 0.1390625 0.18541666666666667
11 0.46796875 0.41770833333333335 0.1390625 0.18541666666666667
11 0.46796875 0.41770833333333335 0.1390625 0.18541666666666667
11 0.46796875 0.41770833333333335 0.1390625 0.18541666666666667
11 0.46796875 0.41770833333333335 0.1390625 0.18541666666666667
11 0.453125 0.41770833333333335 0.140625 0.18541666666666667
11 0.453125 0.41770833333333335 0.140625 0.18541666666666667
11 0.453125 0.41770833333333335 0.140625 0.18541666666666667
11 0.453125 0.41770833333333335 0.140625 0.18541666666666667
11 0.453125 0.41770833333333335 0.140625 0.18541666666666667
11 0.453125 0.41770833333333335 0.140625 0.18541666666666667
11 0.453125 0.41770833333333335 0.140625 0.18541666666666667
11 0.453125 0.41770833333333335 0.140625 0.18541666666666667
11 0.453125 0.41770833333333335 0.140625 0.18541666666666667
11 0.453125 0.41770833333333335 0.140625 0.18541666666666667
11 0.453125 0.41770833333333335 0.140625 0.18541666666666667
11 0.453125 0.41770833333333335 0.140625 0.18541666666666667
11 0.453125 0.41770833333333335 0.140625 0.18541666666666667
11 0.453125 0.41770833333333335 0.140625 0.18541666666666667
11 0.46796875 0.43854166666666666 0.1390625 0.18541666666666667
11 0.46796875 0.43854166666666666 0.1390625 0.18541666666666667
11 0.46953125 0.45208333333333334 0.1671875 0.225
11 0.48359375 0.459375 0.1390625 0.18541666666666667
11 0.48828125 0.45208333333333334 0.1671875 0.225
11 0.50625 0.45208333333333334 0.16875 0.225
11 0.525 0.47708333333333336 0.16875 0.225
11 0.525 0.47708333333333336 0.16875 0.225
11 0.56328125 0.484375 0.2015625 0.26875
7 0.46015625 0.540625 0.5015625 0.66875
7 0.47578125 0.6354166666666666 0.4171875 0.5583333333333333
24 0.47578125 0.6354166666666666 0.4171875 0.5583333333333333
24 0.47578125 0.6354166666666666 0.4171875 0.5583333333333333
24 0.47265625 0.5802083333333333 0.3484375 0.46458333333333335
24 0.47265625 0.528125 0.3484375 0.46458333333333335
24 0.47265625 0.478125 0.3484375 0.46458333333333335
7 0.45859375 0.39791666666666664 0.2890625 0.3875
7 0.45859375 0.39791666666666664 0.2890625 0.3875
7 0.46171875 0.365625 0.2421875 0.3229166666666667
7 0.46171875 0.365625 0.2421875 0.3229166666666667
7 0.46171875 0.3302083333333333 0.2421875 0.3229166666666667
7 0.46171875 0.3302083333333333 0.2421875 0.3229166666666667
7 0.46171875 0.3302083333333333 0.2421875 0.3229166666666667
7 0.46171875 0.3302083333333333 0.2421875 0.3229166666666667
24 0.46171875 0.3302083333333333 0.2421875 0.3229166666666667
7 0.45234375 0.30520833333333336 0.2015625 0.26875
7 0.45234375 0.30520833333333336 0.2015625 0.26875
24 0.45234375 0.30520833333333336 0.2015625 0.26875
24 0.45234375 0.30520833333333336 0.2015625 0.26875
7 0.45234375 0.30520833333333336 0.2015625 0.26875
24 0.45234375 0.30520833333333336 0.2015625 0.26875
24 0.45234375 0.30520833333333336 0.2015625 0.26875
7 0.45078125 0.303125 0.1671875 0.22291666666666668
24 0.45078125 0.303125 0.1671875 0.22291666666666668
7 0.45078125 0.303125 0.1671875 0.22291666666666668
7 0.45078125 0.303125 0.1671875 0.22291666666666668
7 0.45078125 0.303125 0.1671875 0.22291666666666668
7 0.45078125 0.303125 0.1671875 0.22291666666666668
7 0.45078125 0.303125 0.1671875 0.22291666666666668
7 0.45078125 0.303125 0.1671875 0.22291666666666668
7 0.45078125 0.303125 0.1671875 0.22291666666666668
7 0.45078125 0.303125 0.1671875 0.22291666666666668
24 0.45078125 0.303125 0.1671875 0.22291666666666668
24 0.45078125 0.303125 0.1671875 0.22291666666666668
24 0.45078125 0.303125 0.1671875 0.22291666666666668
24 0.45078125 0.303125 0.1671875 0.22291666666666668
7 0.45078125 0.303125 0.1671875 0.22291666666666668
24 0.45078125 0.303125 0.1671875 0.22291666666666668
24 0.45234375 0.30520833333333336 0.2015625 0.26875
24 0.45234375 0.30520833333333336 0.2015625 0.26875
24 0.45234375 0.334375 0.2015625 0.26875
7 0.45234375 0.334375 0.2015625 0.26875
7 0.47421875 0.334375 0.2015625 0.26875
7 0.4890625 0.365625 0.240625 0.3229166666666667
7 0.4890625 0.40208333333333335 0.240625 0.32083333333333336
7 0.5234375 0.4395833333333333 0.290625 0.3875
7 0.5234375 0.4395833333333333 0.290625 0.3875
7 0.5546875 0.4395833333333333 0.290625 0.3875
7 0.58984375 0.42604166666666665 0.3484375 0.46458333333333335
28 0.628125 0.42604166666666665 0.346875 0.46458333333333335
28 0.628125 0.37395833333333334 0.346875 0.46458333333333335
28 0.17421875 0.23229166666666667 0.4640625 0.61875
28 0.24140625 0.321875 0.3484375 0.46458333333333335
17 0.28046875 0.321875 0.3484375 0.46458333333333335
5 0.3296875 0.26875 0.290625 0.3875
5 0.38203125 0.22291666666666668 0.2421875 0.32083333333333336
17 0.40859375 0.22291666666666668 0.2421875 0.32083333333333336
17 0.45234375 0.215625 0.2015625 0.26875
17 0.47421875 0.215625 0.2015625 0.26875
17 0.49609375 0.215625 0.2015625 0.26875
17 0.49609375 0.24479166666666666 0.2015625 0.26875
17 0.50625 0.253125 0.16875 0.22291666666666668
17 0.50625 0.253125 0.16875 0.22291666666666668
17 0.50625 0.253125 0.16875 0.22291666666666668
17 0.48828125 0.253125 0.1671875 0.22291666666666668
17 0.48828125 0.253125 0.1671875 0.22291666666666668
17 0.48828125 0.278125 0.1671875 0.22291666666666668
17 0.46953125 0.278125 0.1671875 0.22291666666666668
17 0.46953125 0.278125 0.1671875 0.22291666666666668
17 0.46953125 0.278125 0.1671875 0.22291666666666668
17 0.46953125 0.303125 0.1671875 0.22291666666666668
17 0.46953125 0.303125 0.1671875 0.22291666666666668
17 0.45078125 0.278125 0.1671875 0.22291666666666668
17 0.46953125 0.278125 0.1671875 0.22291666666666668
17 0.46953125 0.278125 0.1671875 0.22291666666666668
17 0.46953125 0.303125 0.1671875 0.22291666666666668
17 0.46953125 0.303125 0.1671875 0.22291666666666668
17 0.46953125 0.303125 0.1671875 0.22291666666666668
17 0.46953125 0.303125 0.1671875 0.22291666666666668
17 0.46953125 0.303125 0.1671875 0.22291666666666668
17 0.46953125 0.303125 0.1671875 0.22291666666666668
17 0.46953125 0.303125 0.1671875 0.22291666666666668
17 0.46953125 0.303125 0.1671875 0.22291666666666668
17 0.46953125 0.303125 0.1671875 0.22291666666666668
17 0.46953125 0.303125 0.1671875 0.22291666666666668
17 0.46953125 0.303125 0.1671875 0.22291666666666668
17 0.46953125 0.303125 0.1671875 0.22291666666666668
17 0.46953125 0.303125 0.1671875 0.22291666666666668
17 0.46953125 0.303125 0.1671875 0.22291666666666668
17 0.46953125 0.303125 0.1671875 0.22291666666666668
17 0.47421875 0.30520833333333336 0.2015625 0.26875
17 0.48828125 0.328125 0.1671875 0.22291666666666668
17 0.47421875 0.334375 0.2015625 0.26875
17 0.4890625 0.365625 0.240625 0.3229166666666667
17 0.4890625 0.40208333333333335 0.240625 0.32083333333333336
25 0.47265625 0.684375 0.3484375 0.46458333333333335
17 0.47265625 0.7354166666666667 0.3484375 0.4625
17 0.43515625 0.7354166666666667 0.3484375 0.4625
17 0.43515625 0.684375 0.3484375 0.46458333333333335
28 0.46171875 0.365625 0.2421875 0.3229166666666667
22 0.46171875 0.40208333333333335 0.2421875 0.32083333333333336
22 0.47421875 0.4239583333333333 0.2015625 0.26875
7 0.47421875 0.4239583333333333 0.2015625 0.26875
22 0.47421875 0.4239583333333333 0.2015625 0.26875
22 0.47421875 0.4239583333333333 0.2015625 0.26875
22 0.47421875 0.4239583333333333 0.2015625 0.26875
22 0.47421875 0.4239583333333333 0.2015625 0.26875
22 0.47421875 0.4239583333333333 0.2015625 0.26875
22 0.46953125 0.428125 0.1671875 0.22291666666666668
22 0.46953125 0.428125 0.1671875 0.22291666666666668
22 0.46953125 0.428125 0.1671875 0.22291666666666668
22 0.46953125 0.428125 0.1671875 0.22291666666666668
22 0.46796875 0.43854166666666666 0.1390625 0.18541666666666667
22 0.46796875 0.43854166666666666 0.1390625 0.18541666666666667
22 0.46796875 0.43854166666666666 0.1390625 0.18541666666666667
22 0.453125 0.43854166666666666 0.140625 0.18541666666666667
22 0.453125 0.43854166666666666 0.140625 0.18541666666666667
22 0.453125 0.41770833333333335 0.140625 0.18541666666666667
22 0.453125 0.41770833333333335 0.140625 0.18541666666666667
22 0.453125 0.41770833333333335 0.140625 0.18541666666666667
22 0.4546875 0.4166666666666667 0.115625 0.15416666666666667
22 0.453125 0.43854166666666666 0.140625 0.18541666666666667
22 0.453125 0.43854166666666666 0.140625 0.18541666666666667
22 0.453125 0.43854166666666666 0.140625 0.18541666666666667
22 0.453125 0.43854166666666666 0.140625 0.18541666666666667
22 0.453125 0.43854166666666666 0.140625 0.18541666666666667
22 0.453125 0.43854166666666666 0.140625 0.18541666666666667
22 0.453125 0.43854166666666666 0.140625 0.18541666666666667
7 0.453125 0.43854166666666666 0.140625 0.18541666666666667
7 0.453125 0.43854166666666666 0.140625 0.18541666666666667
7 0.453125 0.43854166666666666 0.140625 0.18541666666666667
7 0.453125 0.43854166666666666 0.140625 0.18541666666666667
7 0.453125 0.43854166666666666 0.140625 0.18541666666666667
7 0.453125 0.43854166666666666 0.140625 0.18541666666666667
7 0.453125 0.43854166666666666 0.140625 0.18541666666666667
7 0.453125 0.43854166666666666 0.140625 0.18541666666666667
22 0.453125 0.43854166666666666 0.140625 0.18541666666666667
7 0.453125 0.43854166666666666 0.140625 0.18541666666666667
24 0.453125 0.43854166666666666 0.140625 0.18541666666666667
22 0.4546875 0.4510416666666667 0.115625 0.15625
22 0.453125 0.43854166666666666 0.140625 0.18541666666666667
24 0.453125 0.43854166666666666 0.140625 0.18541666666666667
24 0.453125 0.43854166666666666 0.140625 0.18541666666666667
7 0.453125 0.43854166666666666 0.140625 0.18541666666666667
22 0.453125 0.43854166666666666 0.140625 0.18541666666666667
22 0.45078125 0.45208333333333334 0.1671875 0.225
22 0.46953125 0.45208333333333334 0.1671875 0.225
7 0.46953125 0.45208333333333334 0.1671875 0.225
7 0.48828125 0.45208333333333334 0.1671875 0.225
7 0.49609375 0.453125 0.2015625 0.26875
7 0.51953125 0.453125 0.2015625 0.26875
7 0.54140625 0.453125 0.2015625 0.26875
7 0.56328125 0.453125 0.2015625 0.26875
7 0.47578125 0.759375 0.4171875 0.55625
25 0.43515625 0.509375 0.2421875 0.3229166666666667
28 0.42890625 0.39479166666666665 0.2015625 0.26875
6 0.43203125 0.378125 0.1671875 0.22291666666666668
28 0.421875 0.35625 0.140625 0.1875
28 0.421875 0.35625 0.140625 0.1875
28 0.421875 0.3770833333333333 0.140625 0.1875
28 0.421875 0.3770833333333333 0.140625 0.1875
28 0.4375 0.3770833333333333 0.140625 0.1875
28 0.4375 0.3770833333333333 0.140625 0.1875
28 0.4375 0.3770833333333333 0.140625 0.1875
28 0.453125 0.3770833333333333 0.140625 0.1875
28 0.453125 0.3770833333333333 0.140625 0.1875
28 0.46796875 0.3770833333333333 0.1390625 0.1875
28 0.46796875 0.3770833333333333 0.1390625 0.1875
28 0.46796875 0.3770833333333333 0.1390625 0.1875
28 0.46796875 0.3770833333333333 0.1390625 0.1875
28 0.46796875 0.3770833333333333 0.1390625 0.1875
28 0.46796875 0.3770833333333333 0.1390625 0.1875
28 0.46796875 0.39791666666666664 0.1390625 0.1875
28 0.46796875 0.39791666666666664 0.1390625 0.1875
28 0.46796875 0.39791666666666664 0.1390625 0.1875
28 0.46796875 0.39791666666666664 0.1390625 0.1875
28 0.46796875 0.39791666666666664 0.1390625 0.1875
28 0.46796875 0.39791666666666664 0.1390625 0.1875
28 0.46796875 0.39791666666666664 0.1390625 0.1875
28 0.46796875 0.39791666666666664 0.1390625 0.1875
28 0.453125 0.39791666666666664 0.140625 0.1875
28 0.453125 0.39791666666666664 0.140625 0.1875
28 0.453125 0.39791666666666664 0.140625 0.1875
28 0.453125 0.39791666666666664 0.140625 0.1875
28 0.453125 0.39791666666666664 0.140625 0.1875
28 0.46796875 0.39791666666666664 0.1390625 0.1875
28 0.46796875 0.39791666666666664 0.1390625 0.1875
28 0.46796875 0.39791666666666664 0.1390625 0.1875
28 0.46953125 0.403125 0.1671875 0.22291666666666668
28 0.48828125 0.403125 0.1671875 0.22291666666666668
28 0.50625 0.428125 0.16875 0.22291666666666668
21 0.26484375 0.5260416666666666 0.2890625 0.3854166666666667
8 0.296875 0.5260416666666666 0.290625 0.3854166666666667
1 0.3296875 0.56875 0.290625 0.3875
1 0.3546875 0.58125 0.240625 0.32083333333333336
1 0.3546875 0.58125 0.240625 0.32083333333333336
1 0.3546875 0.58125 0.240625 0.32083333333333336
1 0.38203125 0.58125 0.2421875 0.32083333333333336
21 0.38203125 0.5447916666666667 0.2421875 0.3229166666666667
21 0.38515625 0.5135416666666667 0.2015625 0.26875
21 0.38515625 0.484375 0.2015625 0.26875
7 0.40703125 0.484375 0.2015625 0.26875
1 0.40703125 0.453125 0.2015625 0.26875
1 0.41328125 0.428125 0.1671875 0.22291666666666668
1 0.43203125 0.428125 0.1671875 0.22291666666666668
1 0.43203125 0.428125 0.1671875 0.22291666666666668
1 0.4375 0.41770833333333335 0.140625 0.18541666666666667
1 0.45078125 0.403125 0.1671875 0.22291666666666668
21 0.453125 0.41770833333333335 0.140625 0.18541666666666667
21 0.453125 0.39791666666666664 0.140625 0.1875
21 0.46796875 0.39791666666666664 0.1390625 0.1875
1 0.46796875 0.39791666666666664 0.1390625 0.1875
1 0.46796875 0.39791666666666664 0.1390625 0.1875
27 0.46796875 0.39791666666666664 0.1390625 0.1875
27 0.46796875 0.39791666666666664 0.1390625 0.1875
21 0.46796875 0.39791666666666664 0.1390625 0.1875
21 0.46796875 0.39791666666666664 0.1390625 0.1875
21 0.46796875 0.39791666666666664 0.1390625 0.1875
21 0.453125 0.39791666666666664 0.140625 0.1875
21 0.453125 0.39791666666666664 0.140625 0.1875
21 0.453125 0.39791666666666664 0.140625 0.1875
21 0.453125 0.39791666666666664 0.140625 0.1875
21 0.453125 0.39791666666666664 0.140625 0.1875
21 0.453125 0.39791666666666664 0.140625 0.1875
21 0.453125 0.39791666666666664 0.140625 0.1875
21 0.453125 0.39791666666666664 0.140625 0.1875
21 0.453125 0.39791666666666664 0.140625 0.1875
21 0.453125 0.39791666666666664 0.140625 0.1875
21 0.453125 0.39791666666666664 0.140625 0.1875
21 0.453125 0.39791666666666664 0.140625 0.1875
21 0.453125 0.39791666666666664 0.140625 0.1875
21 0.46796875 0.41770833333333335 0.1390625 0.18541666666666667
21 0.46796875 0.41770833333333335 0.1390625 0.18541666666666667
21 0.46796875 0.41770833333333335 0.1390625 0.18541666666666667
21 0.46796875 0.41770833333333335 0.1390625 0.18541666666666667
21 0.46796875 0.41770833333333335 0.1390625 0.18541666666666667
21 0.46796875 0.41770833333333335 0.1390625 0.18541666666666667
21 0.46953125 0.428125 0.1671875 0.22291666666666668
21 0.46796875 0.43854166666666666 0.1390625 0.18541666666666667
21 0.46796875 0.43854166666666666 0.1390625 0.18541666666666667
21 0.46953125 0.45208333333333334 0.1671875 0.225
21 0.46953125 0.45208333333333334 0.1671875 0.225
21 0.48828125 0.47708333333333336 0.1671875 0.225
1 0.48828125 0.47708333333333336 0.1671875 0.225
8 0.50625 0.5020833333333333 0.16875 0.225
21 0.525 0.5020833333333333 0.16875 0.225
7 0.54375 0.47708333333333336 0.16875 0.225
7 0.58671875 0.453125 0.2015625 0.26875
7 0.60859375 0.453125 0.2015625 0.26875
28 0.65390625 0.39479166666666665 0.2015625 0.26875
28 0.69765625 0.36354166666666665 0.2015625 0.26875
25 0.74296875 0.30520833333333336 0.2015625 0.26875
23 0.66640625 0.6322916666666667 0.3484375 0.46458333333333335
28 0.6515625 0.6552083333333333 0.290625 0.3854166666666667
10 0.51953125 0.36354166666666665 0.2015625 0.26875
10 0.50625 0.328125 0.16875 0.22291666666666668
10 0.50625 0.328125 0.16875 0.22291666666666668
10 0.50625 0.328125 0.16875 0.22291666666666668
10 0.50625 0.328125 0.16875 0.22291666666666668
10 0.48828125 0.328125 0.1671875 0.22291666666666668
10 0.48828125 0.328125 0.1671875 0.22291666666666668
10 0.48828125 0.328125 0.1671875 0.22291666666666668
10 0.48359375 0.33541666666666664 0.1390625 0.1875
10 0.48359375 0.33541666666666664 0.1390625 0.1875
10 0.48359375 0.33541666666666664 0.1390625 0.1875
10 0.48359375 0.33541666666666664 0.1390625 0.1875
10 0.48359375 0.33541666666666664 0.1390625 0.1875
10 0.48359375 0.33541666666666664 0.1390625 0.1875
10 0.48046875 0.3302083333333333 0.1171875 0.15625
10 0.48359375 0.35625 0.1390625 0.1875
10 0.48359375 0.35625 0.1390625 0.1875
10 0.48359375 0.35625 0.1390625 0.1875
10 0.48359375 0.35625 0.1390625 0.1875
10 0.48359375 0.35625 0.1390625 0.1875
10 0.48359375 0.35625 0.1390625 0.1875
10 0.48359375 0.35625 0.1390625 0.1875
10 0.48359375 0.35625 0.1390625 0.1875
10 0.48359375 0.35625 0.1390625 0.1875
10 0.48359375 0.35625 0.1390625 0.1875
10 0.48359375 0.35625 0.1390625 0.1875
10 0.48828125 0.353125 0.1671875 0.22291666666666668
10 0.48828125 0.353125 0.1671875 0.22291666666666668
10 0.49921875 0.35625 0.1390625 0.1875
10 0.49921875 0.35625 0.1390625 0.1875
10 0.50625 0.353125 0.16875 0.22291666666666668
10 0.525 0.378125 0.16875 0.22291666666666668
28 0.54375 0.403125 0.16875 0.22291666666666668
25 0.5625 0.403125 0.16875 0.22291666666666668
25 0.65390625 0.484375 0.2015625 0.26875
24 0.4890625 0.43854166666666666 0.240625 0.3229166666666667
24 0.4890625 0.40208333333333335 0.240625 0.32083333333333336
24 0.47421875 0.36354166666666665 0.2015625 0.26875
24 0.47421875 0.36354166666666665 0.2015625 0.26875
24 0.47421875 0.334375 0.2015625 0.26875
7 0.46953125 0.328125 0.1671875 0.22291666666666668
24 0.46953125 0.328125 0.1671875 0.22291666666666668
7 0.46953125 0.328125 0.1671875 0.22291666666666668
24 0.46953125 0.328125 0.1671875 0.22291666666666668
24 0.46953125 0.328125 0.1671875 0.22291666666666668
24 0.45078125 0.328125 0.1671875 0.22291666666666668
24 0.453125 0.33541666666666664 0.140625 0.1875
24 0.453125 0.33541666666666664 0.140625 0.1875
7 0.453125 0.33541666666666664 0.140625 0.1875
24 0.453125 0.33541666666666664 0.140625 0.1875
24 0.453125 0.33541666666666664 0.140625 0.1875
24 0.453125 0.33541666666666664 0.140625 0.1875
24 0.453125 0.33541666666666664 0.140625 0.1875
28 0.453125 0.33541666666666664 0.140625 0.1875
28 0.453125 0.35625 0.140625 0.1875
28 0.453125 0.35625 0.140625 0.1875
28 0.453125 0.35625 0.140625 0.1875
24 0.453125 0.35625 0.140625 0.1875
24 0.453125 0.35625 0.140625 0.1875
24 0.453125 0.35625 0.140625 0.1875
24 0.453125 0.35625 0.140625 0.1875
7 0.453125 0.35625 0.140625 0.1875
28 0.453125 0.35625 0.140625 0.1875
24 0.453125 0.35625 0.140625 0.1875
24 0.453125 0.35625 0.140625 0.1875
24 0.453125 0.35625 0.140625 0.1875
24 0.453125 0.35625 0.140625 0.1875
24 0.453125 0.35625 0.140625 0.1875
24 0.453125 0.35625 0.140625 0.1875
24 0.453125 0.35625 0.140625 0.1875
24 0.453125 0.35625 0.140625 0.1875
24 0.453125 0.35625 0.140625 0.1875
24 0.453125 0.35625 0.140625 0.1875
24 0.453125 0.35625 0.140625 0.1875
24 0.453125 0.35625 0.140625 0.1875
24 0.453125 0.35625 0.140625 0.1875
24 0.453125 0.35625 0.140625 0.1875
24 0.453125 0.35625 0.140625 0.1875
24 0.453125 0.35625 0.140625 0.1875
24 0.453125 0.35625 0.140625 0.1875
24 0.453125 0.35625 0.140625 0.1875
24 0.453125 0.35625 0.140625 0.1875
24 0.453125 0.35625 0.140625 0.1875
7 0.453125 0.35625 0.140625 0.1875
7 0.453125 0.35625 0.140625 0.1875
24 0.453125 0.35625 0.140625 0.1875
7 0.453125 0.35625 0.140625 0.1875
7 0.44140625 0.34791666666666665 0.1171875 0.15416666666666667
24 0.453125 0.35625 0.140625 0.1875
24 0.453125 0.35625 0.140625 0.1875
24 0.453125 0.3770833333333333 0.140625 0.1875
24 0.453125 0.39791666666666664 0.140625 0.1875
24 0.46796875 0.39791666666666664 0.1390625 0.1875
7 0.46796875 0.39791666666666664 0.1390625 0.1875
0 0.48359375 0.41770833333333335 0.1390625 0.18541666666666667
23 0.56953125 0.40208333333333335 0.2421875 0.32083333333333336
23 0.56953125 0.43854166666666666 0.2421875 0.3229166666666667
9 0.54140625 0.453125 0.2015625 0.26875
9 0.54140625 0.453125 0.2015625 0.26875
9 0.54140625 0.453125 0.2015625 0.26875
9 0.525 0.428125 0.16875 0.22291666666666668
9 0.525 0.403125 0.16875 0.22291666666666668
9 0.50625 0.403125 0.16875 0.22291666666666668
9 0.49921875 0.3770833333333333 0.1390625 0.1875
9 0.49921875 0.3770833333333333 0.1390625 0.1875
9 0.48359375 0.3770833333333333 0.1390625 0.1875
9 0.48359375 0.3770833333333333 0.1390625 0.1875
9 0.48359375 0.3770833333333333 0.1390625 0.1875
9 0.48359375 0.3770833333333333 0.1390625 0.1875
9 0.48359375 0.3770833333333333 0.1390625 0.1875
9 0.48046875 0.38229166666666664 0.1171875 0.15625
9 0.48046875 0.38229166666666664 0.1171875 0.15625
9 0.48046875 0.38229166666666664 0.1171875 0.15625
9 0.48046875 0.38229166666666664 0.1171875 0.15625
9 0.48046875 0.38229166666666664 0.1171875 0.15625
9 0.49296875 0.4 0.1171875 0.15416666666666667
9 0.49296875 0.4 0.1171875 0.15416666666666667
9 0.49296875 0.4 0.1171875 0.15416666666666667
9 0.49296875 0.4 0.1171875 0.15416666666666667
9 0.49296875 0.4 0.1171875 0.15416666666666667
9 0.49296875 0.4 0.1171875 0.15416666666666667
9 0.49296875 0.4 0.1171875 0.15416666666666667
9 0.49296875 0.4 0.1171875 0.15416666666666667
9 0.49296875 0.4 0.1171875 0.15416666666666667
9 0.49296875 0.4 0.1171875 0.15416666666666667
9 0.49296875 0.4 0.1171875 0.15416666666666667
9 0.49296875 0.4 0.1171875 0.15416666666666667
9 0.49296875 0.4 0.1171875 0.15416666666666667
9 0.49296875 0.4 0.1171875 0.15416666666666667
9 0.49296875 0.4 0.1171875 0.15416666666666667
9 0.49296875 0.4 0.1171875 0.15416666666666667
9 0.49296875 0.4 0.1171875 0.15416666666666667
9 0.49296875 0.4 0.1171875 0.15416666666666667
9 0.49296875 0.4 0.1171875 0.15416666666666667
9 0.49296875 0.4 0.1171875 0.15416666666666667
9 0.49296875 0.4 0.1171875 0.15416666666666667
9 0.49296875 0.4 0.1171875 0.15416666666666667
9 0.49296875 0.4 0.1171875 0.15416666666666667
9 0.49296875 0.4 0.1171875 0.15416666666666667
9 0.49296875 0.4 0.1171875 0.15416666666666667
9 0.49921875 0.39791666666666664 0.1390625 0.1875
9 0.50625 0.4 0.115625 0.15416666666666667
9 0.51484375 0.39791666666666664 0.1390625 0.1875
7 0.53046875 0.39791666666666664 0.1390625 0.1875
9 0.54609375 0.39791666666666664 0.1390625 0.1875
9 0.5625 0.403125 0.16875 0.22291666666666668
9 0.63046875 0.4239583333333333 0.2015625 0.26875
28 0.65390625 0.453125 0.2015625 0.26875
28 0.69765625 0.484375 0.2015625 0.26875
28 0.76484375 0.5135416666666667 0.2015625 0.26875
17 0.24140625 0.19375 0.3484375 0.5166666666666667
4 0.28046875 0.19375 0.3484375 0.5166666666666667
4 0.28046875 0.19375 0.3484375 0.5166666666666667
4 0.31796875 0.271875 0.3484375 0.46458333333333335
4 0.3296875 0.26875 0.290625 0.3875
4 0.3546875 0.2947916666666667 0.240625 0.3229166666666667
4 0.3546875 0.3302083333333333 0.240625 0.3229166666666667
4 0.38203125 0.3302083333333333 0.2421875 0.3229166666666667
4 0.38203125 0.3302083333333333 0.2421875 0.3229166666666667
4 0.40703125 0.30520833333333336 0.2015625 0.26875
4 0.42890625 0.30520833333333336 0.2015625 0.26875
4 0.42890625 0.27395833333333336 0.2015625 0.26875
4 0.43203125 0.278125 0.1671875 0.22291666666666668
4 0.43203125 0.278125 0.1671875 0.22291666666666668
4 0.43203125 0.278125 0.1671875 0.22291666666666668
4 0.43203125 0.278125 0.1671875 0.22291666666666668
4 0.43203125 0.278125 0.1671875 0.22291666666666668
4 0.4375 0.29375 0.140625 0.1875
4 0.45078125 0.303125 0.1671875 0.22291666666666668
4 0.45078125 0.303125 0.1671875 0.22291666666666668
4 0.45078125 0.303125 0.1671875 0.22291666666666668
4 0.46953125 0.303125 0.1671875 0.22291666666666668
4 0.46953125 0.303125 0.1671875 0.22291666666666668
4 0.46953125 0.303125 0.1671875 0.22291666666666668
4 0.46953125 0.303125 0.1671875 0.22291666666666668
4 0.48828125 0.303125 0.1671875 0.22291666666666668
4 0.48828125 0.303125 0.1671875 0.22291666666666668
4 0.48359375 0.3145833333333333 0.1390625 0.1875
4 0.48359375 0.3145833333333333 0.1390625 0.1875
4 0.48828125 0.328125 0.1671875 0.22291666666666668
4 0.48828125 0.328125 0.1671875 0.22291666666666668
4 0.48828125 0.328125 0.1671875 0.22291666666666668
4 0.48828125 0.328125 0.1671875 0.22291666666666668
4 0.48828125 0.328125 0.1671875 0.22291666666666668
4 0.48828125 0.328125 0.1671875 0.22291666666666668
4 0.48828125 0.328125 0.1671875 0.22291666666666668
4 0.48828125 0.328125 0.1671875 0.22291666666666668
4 0.48828125 0.328125 0.1671875 0.22291666666666668
4 0.48828125 0.328125 0.1671875 0.22291666666666668
4 0.46953125 0.328125 0.1671875 0.22291666666666668
4 0.46953125 0.328125 0.1671875 0.22291666666666668
4 0.46953125 0.328125 0.1671875 0.22291666666666668
4 0.46953125 0.328125 0.1671875 0.22291666666666668
4 0.46953125 0.328125 0.1671875 0.22291666666666668
4 0.46953125 0.328125 0.1671875 0.22291666666666668
4 0.46953125 0.328125 0.1671875 0.22291666666666668
4 0.46953125 0.328125 0.1671875 0.22291666666666668
4 0.46953125 0.328125 0.1671875 0.22291666666666668
4 0.46953125 0.328125 0.1671875 0.22291666666666668
4 0.46953125 0.328125 0.1671875 0.22291666666666668
4 0.46953125 0.328125 0.1671875 0.22291666666666668
4 0.46953125 0.328125 0.1671875 0.22291666666666668
4 0.48828125 0.328125 0.1671875 0.22291666666666668
4 0.48828125 0.328125 0.1671875 0.22291666666666668
4 0.48828125 0.328125 0.1671875 0.22291666666666668
8 0.50625 0.353125 0.16875 0.22291666666666668
8 0.50625 0.353125 0.16875 0.22291666666666668
4 0.525 0.353125 0.16875 0.22291666666666668
4 0.54140625 0.36354166666666665 0.2015625 0.26875
0 0.54140625 0.36354166666666665 0.2015625 0.26875
4 0.56328125 0.36354166666666665 0.2015625 0.26875
4 0.58671875 0.36354166666666665 0.2015625 0.26875
28 0.60859375 0.39479166666666665 0.2015625 0.26875
15 0.63046875 0.39479166666666665 0.2015625 0.26875
15 0.67734375 0.40208333333333335 0.2421875 0.32083333333333336
8 0.70390625 0.40208333333333335 0.2421875 0.32083333333333336
28 0.7578125 0.365625 0.240625 0.3229166666666667
15 0.19296875 0.509375 0.2421875 0.3229166666666667
15 0.2203125 0.509375 0.240625 0.3229166666666667
15 0.24765625 0.509375 0.2421875 0.3229166666666667
15 0.29453125 0.5135416666666667 0.2015625 0.26875
15 0.31796875 0.5135416666666667 0.2015625 0.26875
5 0.31796875 0.484375 0.2015625 0.26875
28 0.33984375 0.453125 0.2015625 0.26875
17 0.36171875 0.4239583333333333 0.2015625 0.26875
17 0.37578125 0.403125 0.1671875 0.22291666666666668
15 0.39453125 0.403125 0.1671875 0.22291666666666668
15 0.39453125 0.378125 0.1671875 0.22291666666666668
15 0.40625 0.3770833333333333 0.140625 0.1875
15 0.41328125 0.378125 0.1671875 0.22291666666666668
15 0.421875 0.3770833333333333 0.140625 0.1875
15 0.421875 0.3770833333333333 0.140625 0.1875
15 0.42890625 0.38229166666666664 0.1171875 0.15625
15 0.4375 0.39791666666666664 0.140625 0.1875
15 0.4375 0.39791666666666664 0.140625 0.1875
15 0.4375 0.39791666666666664 0.140625 0.1875
15 0.4375 0.39791666666666664 0.140625 0.1875
15 0.4375 0.39791666666666664 0.140625 0.1875
15 0.4375 0.39791666666666664 0.140625 0.1875
15 0.4375 0.39791666666666664 0.140625 0.1875
15 0.4375 0.39791666666666664 0.140625 0.1875
15 0.4375 0.39791666666666664 0.140625 0.1875
15 0.4375 0.39791666666666664 0.140625 0.1875
15 0.4375 0.39791666666666664 0.140625 0.1875
15 0.4375 0.39791666666666664 0.140625 0.1875
15 0.4375 0.39791666666666664 0.140625 0.1875
15 0.4375 0.39791666666666664 0.140625 0.1875
15 0.4375 0.39791666666666664 0.140625 0.1875
15 0.4375 0.39791666666666664 0.140625 0.1875
15 0.4375 0.39791666666666664 0.140625 0.1875
15 0.4375 0.39791666666666664 0.140625 0.1875
15 0.4375 0.39791666666666664 0.140625 0.1875
15 0.4375 0.39791666666666664 0.140625 0.1875
15 0.4375 0.39791666666666664 0.140625 0.1875
15 0.4375 0.39791666666666664 0.140625 0.1875
15 0.4375 0.39791666666666664 0.140625 0.1875
15 0.4375 0.39791666666666664 0.140625 0.1875
15 0.4375 0.39791666666666664 0.140625 0.1875
15 0.4375 0.39791666666666664 0.140625 0.1875
15 0.4375 0.39791666666666664 0.140625 0.1875
15 0.4375 0.39791666666666664 0.140625 0.1875
15 0.4375 0.39791666666666664 0.140625 0.1875
15 0.4375 0.39791666666666664 0.140625 0.1875
15 0.4375 0.39791666666666664 0.140625 0.1875
15 0.4375 0.39791666666666664 0.140625 0.1875
15 0.4375 0.39791666666666664 0.140625 0.1875
15 0.4375 0.41770833333333335 0.140625 0.18541666666666667
15 0.4375 0.41770833333333335 0.140625 0.18541666666666667
15 0.453125 0.43854166666666666 0.140625 0.18541666666666667
15 0.45078125 0.45208333333333334 0.1671875 0.225
15 0.45078125 0.45208333333333334 0.1671875 0.225
15 0.46953125 0.47708333333333336 0.1671875 0.225
15 0.48828125 0.47708333333333336 0.1671875 0.225
15 0.49609375 0.453125 0.2015625 0.26875
28 0.51953125 0.4239583333333333 0.2015625 0.26875
7 0.59609375 0.6177083333333333 0.2421875 0.3229166666666667
7 0.56953125 0.6177083333333333 0.2421875 0.3229166666666667
7 0.5546875 0.6125 0.290625 0.3875
7 0.5234375 0.6125 0.290625 0.3875
7 0.51640625 0.6177083333333333 0.2421875 0.3229166666666667
7 0.490625 0.56875 0.290625 0.3875
7 0.45859375 0.56875 0.2890625 0.3875
7 0.47421875 0.36354166666666665 0.2015625 0.26875
7 0.47421875 0.36354166666666665 0.2015625 0.26875
7 0.4890625 0.365625 0.240625 0.3229166666666667
7 0.49609375 0.36354166666666665 0.2015625 0.26875
28 0.46171875 0.40208333333333335 0.2421875 0.32083333333333336
20 0.46171875 0.40208333333333335 0.2421875 0.32083333333333336
20 0.46171875 0.40208333333333335 0.2421875 0.32083333333333336
28 0.46171875 0.40208333333333335 0.2421875 0.32083333333333336
20 0.45234375 0.36354166666666665 0.2015625 0.26875
20 0.45234375 0.36354166666666665 0.2015625 0.26875
20 0.45234375 0.334375 0.2015625 0.26875
20 0.45234375 0.334375 0.2015625 0.26875
20 0.46953125 0.353125 0.1671875 0.22291666666666668
20 0.46953125 0.353125 0.1671875 0.22291666666666668
20 0.46953125 0.353125 0.1671875 0.22291666666666668
20 0.46953125 0.353125 0.1671875 0.22291666666666668
20 0.46953125 0.353125 0.1671875 0.22291666666666668
20 0.46953125 0.378125 0.1671875 0.22291666666666668
20 0.46953125 0.378125 0.1671875 0.22291666666666668
20 0.48828125 0.403125 0.1671875 0.22291666666666668
20 0.48359375 0.3770833333333333 0.1390625 0.1875
20 0.48359375 0.3770833333333333 0.1390625 0.1875
20 0.48359375 0.3770833333333333 0.1390625 0.1875
20 0.48359375 0.3770833333333333 0.1390625 0.1875
20 0.48359375 0.3770833333333333 0.1390625 0.1875
20 0.48828125 0.378125 0.1671875 0.22291666666666668
20 0.48828125 0.378125 0.1671875 0.22291666666666668
20 0.48828125 0.378125 0.1671875 0.22291666666666668
20 0.48828125 0.378125 0.1671875 0.22291666666666668
20 0.48828125 0.378125 0.1671875 0.22291666666666668
20 0.48828125 0.378125 0.1671875 0.22291666666666668
20 0.48828125 0.378125 0.1671875 0.22291666666666668
20 0.48828125 0.378125 0.1671875 0.22291666666666668
20 0.48828125 0.378125 0.1671875 0.22291666666666668
20 0.48828125 0.378125 0.1671875 0.22291666666666668
20 0.48828125 0.378125 0.1671875 0.22291666666666668
20 0.48828125 0.378125 0.1671875 0.22291666666666668
20 0.48828125 0.378125 0.1671875 0.22291666666666668
20 0.49921875 0.3770833333333333 0.1390625 0.1875
20 0.50625 0.378125 0.16875 0.22291666666666668
20 0.525 0.378125 0.16875 0.22291666666666668
20 0.54375 0.378125 0.16875 0.22291666666666668
20 0.5625 0.378125 0.16875 0.22291666666666668
20 0.58125 0.378125 0.16875 0.22291666666666668
20 0.60859375 0.36354166666666665 0.2015625 0.26875
20 0.65390625 0.39479166666666665 0.2015625 0.26875
28 0.69765625 0.39479166666666665 0.2015625 0.26875
28 0.74296875 0.39479166666666665 0.2015625 0.26875
28 0.521875 0.23229166666666667 0.41875 0.61875
25 0.521875 0.23229166666666667 0.41875 0.61875
28 0.51171875 0.271875 0.3484375 0.46458333333333335
28 0.490625 0.26875 0.290625 0.3875
21 0.45859375 0.26875 0.2890625 0.3875
8 0.4265625 0.225 0.290625 0.3875
21 0.4265625 0.225 0.290625 0.3875
4 0.40859375 0.22291666666666668 0.2421875 0.32083333333333336
4 0.40859375 0.259375 0.2421875 0.3229166666666667
4 0.40859375 0.259375 0.2421875 0.3229166666666667
4 0.40703125 0.27395833333333336 0.2015625 0.26875
28 0.42890625 0.27395833333333336 0.2015625 0.26875
28 0.42890625 0.27395833333333336 0.2015625 0.26875
28 0.43203125 0.278125 0.1671875 0.22291666666666668
28 0.45234375 0.30520833333333336 0.2015625 0.26875
21 0.45078125 0.303125 0.1671875 0.22291666666666668
21 0.45078125 0.303125 0.1671875 0.22291666666666668
28 0.45078125 0.303125 0.1671875 0.22291666666666668
28 0.46953125 0.303125 0.1671875 0.22291666666666668
28 0.46953125 0.303125 0.1671875 0.22291666666666668
28 0.48828125 0.303125 0.1671875 0.22291666666666668
28 0.48828125 0.303125 0.1671875 0.22291666666666668
28 0.48828125 0.303125 0.1671875 0.22291666666666668
28 0.48828125 0.328125 0.1671875 0.22291666666666668
28 0.48828125 0.328125 0.1671875 0.22291666666666668
28 0.48828125 0.328125 0.1671875 0.22291666666666668
28 0.48828125 0.328125 0.1671875 0.22291666666666668
28 0.48828125 0.353125 0.1671875 0.22291666666666668
28 0.48828125 0.353125 0.1671875 0.22291666666666668
28 0.48828125 0.353125 0.1671875 0.22291666666666668
24 0.48359375 0.35625 0.1390625 0.1875
28 0.48828125 0.378125 0.1671875 0.22291666666666668
28 0.46953125 0.378125 0.1671875 0.22291666666666668
28 0.46796875 0.3770833333333333 0.1390625 0.1875
28 0.46953125 0.403125 0.1671875 0.22291666666666668
28 0.46953125 0.403125 0.1671875 0.22291666666666668
28 0.46953125 0.403125 0.1671875 0.22291666666666668
28 0.453125 0.3770833333333333 0.140625 0.1875
28 0.45078125 0.378125 0.1671875 0.22291666666666668
28 0.45078125 0.378125 0.1671875 0.22291666666666668
28 0.45078125 0.378125 0.1671875 0.22291666666666668
28 0.45078125 0.378125 0.1671875 0.22291666666666668
28 0.45078125 0.378125 0.1671875 0.22291666666666668
28 0.45078125 0.378125 0.1671875 0.22291666666666668
28 0.43203125 0.378125 0.1671875 0.22291666666666668
28 0.45078125 0.378125 0.1671875 0.22291666666666668
28 0.45078125 0.378125 0.1671875 0.22291666666666668
28 0.45078125 0.403125 0.1671875 0.22291666666666668
28 0.45078125 0.403125 0.1671875 0.22291666666666668
28 0.45078125 0.403125 0.1671875 0.22291666666666668
28 0.45078125 0.403125 0.1671875 0.22291666666666668
28 0.45078125 0.403125 0.1671875 0.22291666666666668
28 0.45078125 0.403125 0.1671875 0.22291666666666668
28 0.45078125 0.403125 0.1671875 0.22291666666666668
28 0.45078125 0.403125 0.1671875 0.22291666666666668
28 0.45078125 0.403125 0.1671875 0.22291666666666668
28 0.45078125 0.403125 0.1671875 0.22291666666666668
28 0.45078125 0.403125 0.1671875 0.22291666666666668
28 0.45078125 0.403125 0.1671875 0.22291666666666668
28 0.46953125 0.403125 0.1671875 0.22291666666666668
28 0.46953125 0.403125 0.1671875 0.22291666666666668
28 0.46953125 0.403125 0.1671875 0.22291666666666668
28 0.47421875 0.39479166666666665 0.2015625 0.26875
28 0.47421875 0.39479166666666665 0.2015625 0.26875
28 0.47421875 0.39479166666666665 0.2015625 0.26875
28 0.47421875 0.36354166666666665 0.2015625 0.26875
28 0.47421875 0.36354166666666665 0.2015625 0.26875
28 0.47421875 0.36354166666666665 0.2015625 0.26875
7 0.4890625 0.365625 0.240625 0.3229166666666667
7 0.4890625 0.40208333333333335 0.240625 0.32083333333333336
7 0.490625 0.39791666666666664 0.290625 0.3875
7 0.490625 0.39791666666666664 0.290625 0.3875
7 0.51171875 0.42604166666666665 0.3484375 0.46458333333333335
7 0.51171875 0.37395833333333334 0.3484375 0.46458333333333335
7 0.521875 0.3260416666666667 0.41875 0.55625
7 0.55078125 0.321875 0.3484375 0.46458333333333335
7 0.56875 0.23229166666666667 0.41875 0.61875
23 0.43515625 0.271875 0.3484375 0.46458333333333335
28 0.45859375 0.3541666666666667 0.2890625 0.3875
28 0.45859375 0.39791666666666664 0.2890625 0.3875
28 0.46171875 0.40208333333333335 0.2421875 0.32083333333333336
28 0.46171875 0.40208333333333335 0.2421875 0.32083333333333336
28 0.46171875 0.40208333333333335 0.2421875 0.32083333333333336
28 0.47421875 0.39479166666666665 0.2015625 0.26875
28 0.47421875 0.39479166666666665 0.2015625 0.26875
28 0.47421875 0.39479166666666665 0.2015625 0.26875
28 0.47421875 0.39479166666666665 0.2015625 0.26875
28 0.48828125 0.378125 0.1671875 0.22291666666666668
28 0.48828125 0.403125 0.1671875 0.22291666666666668
28 0.48828125 0.403125 0.1671875 0.22291666666666668
28 0.48828125 0.403125 0.1671875 0.22291666666666668
28 0.48828125 0.403125 0.1671875 0.22291666666666668
28 0.48828125 0.403125 0.1671875 0.22291666666666668
28 0.48828125 0.403125 0.1671875 0.22291666666666668
28 0.48828125 0.403125 0.1671875 0.22291666666666668
28 0.48828125 0.403125 0.1671875 0.22291666666666668
28 0.48828125 0.403125 0.1671875 0.22291666666666668
28 0.48359375 0.39791666666666664 0.1390625 0.1875
28 0.46953125 0.403125 0.1671875 0.22291666666666668
28 0.46953125 0.403125 0.1671875 0.22291666666666668
28 0.46953125 0.403125 0.1671875 0.22291666666666668
28 0.46953125 0.403125 0.1671875 0.22291666666666668
28 0.46796875 0.39791666666666664 0.1390625 0.1875
28 0.46953125 0.403125 0.1671875 0.22291666666666668
28 0.46796875 0.39791666666666664 0.1390625 0.1875
28 0.46953125 0.403125 0.1671875 0.22291666666666668
28 0.46953125 0.403125 0.1671875 0.22291666666666668
28 0.46796875 0.39791666666666664 0.1390625 0.1875
28 0.46953125 0.403125 0.1671875 0.22291666666666668
28 0.46953125 0.403125 0.1671875 0.22291666666666668
28 0.46953125 0.403125 0.1671875 0.22291666666666668
28 0.46953125 0.403125 0.1671875 0.22291666666666668
28 0.46953125 0.403125 0.1671875 0.22291666666666668
28 0.46953125 0.403125 0.1671875 0.22291666666666668
28 0.46953125 0.403125 0.1671875 0.22291666666666668
28 0.46953125 0.403125 0.1671875 0.22291666666666668
28 0.48828125 0.403125 0.1671875 0.22291666666666668
28 0.48828125 0.403125 0.1671875 0.22291666666666668
28 0.48828125 0.403125 0.1671875 0.22291666666666668
28 0.49609375 0.4239583333333333 0.2015625 0.26875
28 0.50625 0.428125 0.16875 0.22291666666666668
28 0.51953125 0.4239583333333333 0.2015625 0.26875
28 0.51953125 0.4239583333333333 0.2015625 0.26875
28 0.54140625 0.4239583333333333 0.2015625 0.26875
28 0.56328125 0.4239583333333333 0.2015625 0.26875
28 0.56953125 0.40208333333333335 0.2421875 0.32083333333333336
28 0.59609375 0.43854166666666666 0.2421875 0.3229166666666667
28 0.6234375 0.43854166666666666 0.240625 0.3229166666666667
28 0.61953125 0.4395833333333333 0.2890625 0.3875
28 0.6515625 0.4395833333333333 0.290625 0.3875
28 0.684375 0.39791666666666664 0.290625 0.3875
25 0.71640625 0.3541666666666667 0.2890625 0.3875
25 0.74453125 0.271875 0.3484375 0.46458333333333335
28 0.47578125 0.3260416666666667 0.4171875 0.55625
28 0.521875 0.3875 0.41875 0.5583333333333333
28 0.521875 0.3875 0.41875 0.5583333333333333
28 0.55078125 0.42604166666666665 0.3484375 0.46458333333333335
28 0.55078125 0.42604166666666665 0.3484375 0.46458333333333335
28 0.55078125 0.42604166666666665 0.3484375 0.46458333333333335
28 0.54296875 0.365625 0.2421875 0.3229166666666667
28 0.54296875 0.3302083333333333 0.2421875 0.3229166666666667
28 0.54296875 0.3302083333333333 0.2421875 0.3229166666666667
28 0.54296875 0.3302083333333333 0.2421875 0.3229166666666667
28 0.54296875 0.3302083333333333 0.2421875 0.3229166666666667
28 0.54296875 0.3302083333333333 0.2421875 0.3229166666666667
28 0.51953125 0.334375 0.2015625 0.26875
28 0.51953125 0.334375 0.2015625 0.26875
28 0.51953125 0.334375 0.2015625 0.26875
28 0.51953125 0.334375 0.2015625 0.26875
28 0.51953125 0.334375 0.2015625 0.26875
28 0.51953125 0.334375 0.2015625 0.26875
28 0.51953125 0.334375 0.2015625 0.26875
28 0.525 0.353125 0.16875 0.22291666666666668
28 0.51953125 0.36354166666666665 0.2015625 0.26875
28 0.51953125 0.36354166666666665 0.2015625 0.26875
28 0.50625 0.353125 0.16875 0.22291666666666668
28 0.50625 0.353125 0.16875 0.22291666666666668
28 0.50625 0.353125 0.16875 0.22291666666666668
28 0.50625 0.353125 0.16875 0.22291666666666668
28 0.50625 0.353125 0.16875 0.22291666666666668
28 0.50625 0.353125 0.16875 0.22291666666666668
28 0.50625 0.353125 0.16875 0.22291666666666668
28 0.50625 0.353125 0.16875 0.22291666666666668
28 0.50625 0.353125 0.16875 0.22291666666666668
28 0.50625 0.353125 0.16875 0.22291666666666668
28 0.50625 0.353125 0.16875 0.22291666666666668
28 0.50625 0.353125 0.16875 0.22291666666666668
28 0.51953125 0.36354166666666665 0.2015625 0.26875
28 0.51953125 0.36354166666666665 0.2015625 0.26875
28 0.51953125 0.36354166666666665 0.2015625 0.26875
28 0.54140625 0.36354166666666665 0.2015625 0.26875
28 0.54140625 0.36354166666666665 0.2015625 0.26875
28 0.54140625 0.36354166666666665 0.2015625 0.26875
28 0.56328125 0.36354166666666665 0.2015625 0.26875
28 0.59609375 0.40208333333333335 0.2421875 0.32083333333333336
28 0.6234375 0.40208333333333335 0.240625 0.32083333333333336
28 0.65078125 0.43854166666666666 0.2421875 0.3229166666666667
28 0.67734375 0.4739583333333333 0.2421875 0.3229166666666667
28 0.71640625 0.48333333333333334 0.2890625 0.3875
28 0.7484375 0.5260416666666666 0.290625 0.3854166666666667
27 0.51640625 0.40208333333333335 0.2421875 0.32083333333333336
0 0.49609375 0.36354166666666665 0.2015625 0.26875
0 0.49609375 0.36354166666666665 0.2015625 0.26875
0 0.48828125 0.378125 0.1671875 0.22291666666666668
0 0.47421875 0.36354166666666665 0.2015625 0.26875
14 0.46953125 0.378125 0.1671875 0.22291666666666668
14 0.46953125 0.378125 0.1671875 0.22291666666666668
14 0.46953125 0.378125 0.1671875 0.22291666666666668
14 0.45078125 0.378125 0.1671875 0.22291666666666668
14 0.45078125 0.378125 0.1671875 0.22291666666666668
14 0.45078125 0.378125 0.1671875 0.22291666666666668
14 0.45078125 0.378125 0.1671875 0.22291666666666668
14 0.45078125 0.378125 0.1671875 0.22291666666666668
14 0.45078125 0.378125 0.1671875 0.22291666666666668
14 0.45078125 0.378125 0.1671875 0.22291666666666668
14 0.45078125 0.378125 0.1671875 0.22291666666666668
14 0.45078125 0.378125 0.1671875 0.22291666666666668
14 0.45078125 0.378125 0.1671875 0.22291666666666668
14 0.45078125 0.378125 0.1671875 0.22291666666666668
14 0.46953125 0.378125 0.1671875 0.22291666666666668
14 0.46953125 0.378125 0.1671875 0.22291666666666668
14 0.46953125 0.378125 0.1671875 0.22291666666666668
14 0.46953125 0.378125 0.1671875 0.22291666666666668
14 0.46953125 0.378125 0.1671875 0.22291666666666668
14 0.46953125 0.378125 0.1671875 0.22291666666666668
14 0.46953125 0.378125 0.1671875 0.22291666666666668
14 0.46953125 0.378125 0.1671875 0.22291666666666668
14 0.46953125 0.378125 0.1671875 0.22291666666666668
14 0.46953125 0.378125 0.1671875 0.22291666666666668
14 0.46953125 0.378125 0.1671875 0.22291666666666668
14 0.46953125 0.378125 0.1671875 0.22291666666666668
14 0.46953125 0.378125 0.1671875 0.22291666666666668
14 0.46953125 0.378125 0.1671875 0.22291666666666668
14 0.46953125 0.378125 0.1671875 0.22291666666666668
14 0.46953125 0.378125 0.1671875 0.22291666666666668
14 0.46953125 0.378125 0.1671875 0.22291666666666668
14 0.46953125 0.403125 0.1671875 0.22291666666666668
14 0.46953125 0.403125 0.1671875 0.22291666666666668
14 0.46953125 0.403125 0.1671875 0.22291666666666668
14 0.46953125 0.403125 0.1671875 0.22291666666666668
14 0.48828125 0.403125 0.1671875 0.22291666666666668
14 0.48828125 0.403125 0.1671875 0.22291666666666668
14 0.49609375 0.4239583333333333 0.2015625 0.26875
0 0.49609375 0.4239583333333333 0.2015625 0.26875
3 0.30078125 0.3302083333333333 0.2421875 0.3229166666666667
3 0.32734375 0.3302083333333333 0.2421875 0.3229166666666667
3 0.32734375 0.2947916666666667 0.2421875 0.3229166666666667
3 0.33984375 0.27395833333333336 0.2015625 0.26875
3 0.36171875 0.27395833333333336 0.2015625 0.26875
3 0.36171875 0.27395833333333336 0.2015625 0.26875
3 0.38515625 0.27395833333333336 0.2015625 0.26875
3 0.37578125 0.278125 0.1671875 0.22291666666666668
3 0.39453125 0.278125 0.1671875 0.22291666666666668
3 0.39453125 0.278125 0.1671875 0.22291666666666668
3 0.41328125 0.303125 0.1671875 0.22291666666666668
3 0.41328125 0.328125 0.1671875 0.22291666666666668
3 0.43203125 0.328125 0.1671875 0.22291666666666668
3 0.43203125 0.353125 0.1671875 0.22291666666666668
3 0.45078125 0.353125 0.1671875 0.22291666666666668
3 0.453125 0.35625 0.140625 0.1875
3 0.453125 0.35625 0.140625 0.1875
3 0.46796875 0.35625 0.1390625 0.1875
3 0.46796875 0.35625 0.1390625 0.1875
3 0.46953125 0.353125 0.1671875 0.22291666666666668
3 0.46953125 0.353125 0.1671875 0.22291666666666668
3 0.46796875 0.33541666666666664 0.1390625 0.1875
3 0.46796875 0.33541666666666664 0.1390625 0.1875
3 0.46796875 0.33541666666666664 0.1390625 0.1875
3 0.46796875 0.33541666666666664 0.1390625 0.1875
3 0.46796875 0.33541666666666664 0.1390625 0.1875
3 0.46953125 0.353125 0.1671875 0.22291666666666668
3 0.46953125 0.353125 0.1671875 0.22291666666666668
3 0.46796875 0.35625 0.1390625 0.1875
3 0.453125 0.35625 0.140625 0.1875
3 0.453125 0.35625 0.140625 0.1875
3 0.453125 0.35625 0.140625 0.1875
3 0.453125 0.35625 0.140625 0.1875
3 0.453125 0.35625 0.140625 0.1875
3 0.453125 0.35625 0.140625 0.1875
3 0.453125 0.35625 0.140625 0.1875
3 0.453125 0.35625 0.140625 0.1875
3 0.453125 0.35625 0.140625 0.1875
3 0.453125 0.35625 0.140625 0.1875
3 0.453125 0.35625 0.140625 0.1875
3 0.453125 0.35625 0.140625 0.1875
3 0.453125 0.35625 0.140625 0.1875
3 0.46953125 0.378125 0.1671875 0.22291666666666668
3 0.46953125 0.378125 0.1671875 0.22291666666666668
3 0.46953125 0.378125 0.1671875 0.22291666666666668
3 0.46953125 0.378125 0.1671875 0.22291666666666668
3 0.46796875 0.3770833333333333 0.1390625 0.1875
3 0.46953125 0.403125 0.1671875 0.22291666666666668
3 0.46953125 0.403125 0.1671875 0.22291666666666668
3 0.48828125 0.428125 0.1671875 0.22291666666666668
3 0.48828125 0.428125 0.1671875 0.22291666666666668
3 0.48828125 0.428125 0.1671875 0.22291666666666668
3 0.49609375 0.453125 0.2015625 0.26875
3 0.50625 0.428125 0.16875 0.22291666666666668
3 0.51953125 0.453125 0.2015625 0.26875
3 0.54140625 0.453125 0.2015625 0.26875
13 0.54296875 0.58125 0.2421875 0.32083333333333336
28 0.54296875 0.5447916666666667 0.2421875 0.3229166666666667
28 0.54296875 0.4739583333333333 0.2421875 0.3229166666666667
13 0.51640625 0.43854166666666666 0.2421875 0.3229166666666667
13 0.51640625 0.43854166666666666 0.2421875 0.3229166666666667
1 0.51953125 0.39479166666666665 0.2015625 0.26875
13 0.49609375 0.39479166666666665 0.2015625 0.26875
13 0.49609375 0.39479166666666665 0.2015625 0.26875
13 0.48828125 0.378125 0.1671875 0.22291666666666668
13 0.48828125 0.378125 0.1671875 0.22291666666666668
13 0.48828125 0.378125 0.1671875 0.22291666666666668
13 0.48828125 0.378125 0.1671875 0.22291666666666668
13 0.48359375 0.3770833333333333 0.1390625 0.1875
13 0.46953125 0.378125 0.1671875 0.22291666666666668
13 0.46796875 0.3770833333333333 0.1390625 0.1875
13 0.46796875 0.3770833333333333 0.1390625 0.1875
13 0.46953125 0.403125 0.1671875 0.22291666666666668
13 0.46796875 0.39791666666666664 0.1390625 0.1875
13 0.46796875 0.39791666666666664 0.1390625 0.1875
13 0.46796875 0.39791666666666664 0.1390625 0.1875
13 0.453125 0.39791666666666664 0.140625 0.1875
8 0.453125 0.39791666666666664 0.140625 0.1875
8 0.453125 0.39791666666666664 0.140625 0.1875
13 0.453125 0.39791666666666664 0.140625 0.1875
13 0.453125 0.39791666666666664 0.140625 0.1875
13 0.453125 0.39791666666666664 0.140625 0.1875
13 0.453125 0.39791666666666664 0.140625 0.1875
13 0.453125 0.39791666666666664 0.140625 0.1875
13 0.453125 0.39791666666666664 0.140625 0.1875
13 0.453125 0.39791666666666664 0.140625 0.1875
13 0.453125 0.39791666666666664 0.140625 0.1875
13 0.453125 0.39791666666666664 0.140625 0.1875
13 0.453125 0.39791666666666664 0.140625 0.1875
13 0.46953125 0.428125 0.1671875 0.22291666666666668
13 0.46953125 0.428125 0.1671875 0.22291666666666668
13 0.46953125 0.428125 0.1671875 0.22291666666666668
13 0.48828125 0.45208333333333334 0.1671875 0.225
13 0.49609375 0.484375 0.2015625 0.26875
13 0.50625 0.47708333333333336 0.16875 0.225
25 0.628125 0.321875 0.346875 0.46458333333333335
25 0.58984375 0.37395833333333334 0.3484375 0.46458333333333335
23 0.58984375 0.42604166666666665 0.3484375 0.46458333333333335
23 0.5546875 0.48333333333333334 0.290625 0.3875
25 0.5234375 0.48333333333333334 0.290625 0.3875
25 0.4890625 0.43854166666666666 0.240625 0.3229166666666667
25 0.47421875 0.39479166666666665 0.2015625 0.26875
25 0.47421875 0.39479166666666665 0.2015625 0.26875
25 0.47421875 0.39479166666666665 0.2015625 0.26875
25 0.45234375 0.39479166666666665 0.2015625 0.26875
25 0.45078125 0.403125 0.1671875 0.22291666666666668
25 0.45078125 0.403125 0.1671875 0.22291666666666668
25 0.45078125 0.403125 0.1671875 0.22291666666666668
25 0.45078125 0.403125 0.1671875 0.22291666666666668
25 0.45078125 0.403125 0.1671875 0.22291666666666668
25 0.45078125 0.428125 0.1671875 0.22291666666666668
25 0.45078125 0.428125 0.1671875 0.22291666666666668
25 0.45078125 0.428125 0.1671875 0.22291666666666668
25 0.45078125 0.428125 0.1671875 0.22291666666666668
25 0.45078125 0.428125 0.1671875 0.22291666666666668
25 0.453125 0.41770833333333335 0.140625 0.18541666666666667
25 0.46953125 0.428125 0.1671875 0.22291666666666668
25 0.46953125 0.428125 0.1671875 0.22291666666666668
25 0.46953125 0.428125 0.1671875 0.22291666666666668
25 0.46953125 0.428125 0.1671875 0.22291666666666668
25 0.46953125 0.428125 0.1671875 0.22291666666666668
25 0.48828125 0.428125 0.1671875 0.22291666666666668
25 0.49609375 0.4239583333333333 0.2015625 0.26875
25 0.51953125 0.4239583333333333 0.2015625 0.26875
28 0.54140625 0.453125 0.2015625 0.26875
28 0.56953125 0.4739583333333333 0.2421875 0.3229166666666667
28 0.60859375 0.484375 0.2015625 0.26875
28 0.65078125 0.509375 0.2421875 0.3229166666666667
28 0.70390625 0.5447916666666667 0.2421875 0.3229166666666667
23 0.7578125 0.58125 0.240625 0.32083333333333336
28 0.78515625 0.58125 0.2421875 0.32083333333333336
19 0.54140625 0.39479166666666665 0.2015625 0.26875
19 0.51953125 0.39479166666666665 0.2015625 0.26875
19 0.51953125 0.39479166666666665 0.2015625 0.26875
19 0.49609375 0.39479166666666665 0.2015625 0.26875
19 0.47421875 0.39479166666666665 0.2015625 0.26875
19 0.46953125 0.403125 0.1671875 0.22291666666666668
19 0.46953125 0.403125 0.1671875 0.22291666666666668
19 0.46953125 0.403125 0.1671875 0.22291666666666668
19 0.46953125 0.428125 0.1671875 0.22291666666666668
19 0.46953125 0.428125 0.1671875 0.22291666666666668
19 0.46953125 0.428125 0.1671875 0.22291666666666668
19 0.48359375 0.41770833333333335 0.1390625 0.18541666666666667
19 0.48359375 0.41770833333333335 0.1390625 0.18541666666666667
19 0.48359375 0.39791666666666664 0.1390625 0.1875
19 0.48359375 0.39791666666666664 0.1390625 0.1875
19 0.48359375 0.39791666666666664 0.1390625 0.1875
19 0.48359375 0.39791666666666664 0.1390625 0.1875
19 0.48359375 0.39791666666666664 0.1390625 0.1875
19 0.48359375 0.41770833333333335 0.1390625 0.18541666666666667
19 0.48359375 0.41770833333333335 0.1390625 0.18541666666666667
19 0.48359375 0.41770833333333335 0.1390625 0.18541666666666667
19 0.48359375 0.41770833333333335 0.1390625 0.18541666666666667
19 0.48359375 0.41770833333333335 0.1390625 0.18541666666666667
19 0.48359375 0.41770833333333335 0.1390625 0.18541666666666667
19 0.48359375 0.41770833333333335 0.1390625 0.18541666666666667
19 0.48359375 0.41770833333333335 0.1390625 0.18541666666666667
19 0.48359375 0.41770833333333335 0.1390625 0.18541666666666667
19 0.48359375 0.41770833333333335 0.1390625 0.18541666666666667
19 0.48359375 0.41770833333333335 0.1390625 0.18541666666666667
19 0.48359375 0.41770833333333335 0.1390625 0.18541666666666667
19 0.48828125 0.428125 0.1671875 0.22291666666666668
19 0.48828125 0.428125 0.1671875 0.22291666666666668
19 0.50625 0.428125 0.16875 0.22291666666666668
19 0.51953125 0.453125 0.2015625 0.26875
19 0.525 0.45208333333333334 0.16875 0.225
19 0.54140625 0.453125 0.2015625 0.26875
19 0.56328125 0.453125 0.2015625 0.26875
19 0.6234375 0.43854166666666666 0.240625 0.3229166666666667
19 0.63046875 0.453125 0.2015625 0.26875
28 0.628125 0.528125 0.346875 0.46458333333333335
28 0.5546875 0.5260416666666666 0.290625 0.3854166666666667
21 0.45234375 0.30520833333333336 0.2015625 0.26875
21 0.42890625 0.30520833333333336 0.2015625 0.26875
12 0.42890625 0.27395833333333336 0.2015625 0.26875
12 0.42890625 0.27395833333333336 0.2015625 0.26875
12 0.43203125 0.278125 0.1671875 0.22291666666666668
12 0.43203125 0.278125 0.1671875 0.22291666666666668
12 0.43203125 0.278125 0.1671875 0.22291666666666668
12 0.4375 0.27291666666666664 0.140625 0.1875
12 0.4375 0.27291666666666664 0.140625 0.1875
4 0.4375 0.27291666666666664 0.140625 0.1875
12 0.4375 0.27291666666666664 0.140625 0.1875
12 0.4375 0.27291666666666664 0.140625 0.1875
12 0.45078125 0.303125 0.1671875 0.22291666666666668
4 0.45078125 0.278125 0.1671875 0.22291666666666668
4 0.45078125 0.278125 0.1671875 0.22291666666666668
4 0.453125 0.29375 0.140625 0.1875
4 0.453125 0.29375 0.140625 0.1875
4 0.453125 0.29375 0.140625 0.1875
4 0.453125 0.29375 0.140625 0.1875
12 0.453125 0.29375 0.140625 0.1875
4 0.453125 0.29375 0.140625 0.1875
4 0.453125 0.29375 0.140625 0.1875
12 0.46953125 0.303125 0.1671875 0.22291666666666668
4 0.46953125 0.303125 0.1671875 0.22291666666666668
4 0.46953125 0.303125 0.1671875 0.22291666666666668
4 0.46953125 0.303125 0.1671875 0.22291666666666668
4 0.453125 0.29375 0.140625 0.1875
4 0.46953125 0.303125 0.1671875 0.22291666666666668
4 0.46953125 0.303125 0.1671875 0.22291666666666668
12 0.46953125 0.303125 0.1671875 0.22291666666666668
12 0.46953125 0.303125 0.1671875 0.22291666666666668
12 0.48828125 0.303125 0.1671875 0.22291666666666668
15 0.50625 0.303125 0.16875 0.22291666666666668
28 0.525 0.303125 0.16875 0.22291666666666668
28 0.54375 0.303125 0.16875 0.22291666666666668
28 0.58125 0.328125 0.16875 0.22291666666666668
2 0.63046875 0.334375 0.2015625 0.26875
28 0.65390625 0.334375 0.2015625 0.26875
8 0.47265625 0.42604166666666665 0.3484375 0.46458333333333335
8 0.490625 0.4395833333333333 0.290625 0.3875
8 0.490625 0.39791666666666664 0.290625 0.3875
8 0.490625 0.39791666666666664 0.290625 0.3875
8 0.4890625 0.365625 0.240625 0.3229166666666667
8 0.4890625 0.3302083333333333 0.240625 0.3229166666666667
8 0.4890625 0.365625 0.240625 0.3229166666666667
8 0.4890625 0.365625 0.240625 0.3229166666666667
8 0.49609375 0.36354166666666665 0.2015625 0.26875
8 0.49609375 0.36354166666666665 0.2015625 0.26875
8 0.49609375 0.36354166666666665 0.2015625 0.26875
8 0.49609375 0.39479166666666665 0.2015625 0.26875
8 0.49609375 0.39479166666666665 0.2015625 0.26875
8 0.49609375 0.39479166666666665 0.2015625 0.26875
8 0.49609375 0.39479166666666665 0.2015625 0.26875
8 0.49609375 0.39479166666666665 0.2015625 0.26875
8 0.49609375 0.39479166666666665 0.2015625 0.26875
8 0.49609375 0.39479166666666665 0.2015625 0.26875
8 0.49609375 0.39479166666666665 0.2015625 0.26875
8 0.48828125 0.378125 0.1671875 0.22291666666666668
8 0.48828125 0.378125 0.1671875 0.22291666666666668
8 0.48828125 0.378125 0.1671875 0.22291666666666668
8 0.48828125 0.378125 0.1671875 0.22291666666666668
8 0.49609375 0.39479166666666665 0.2015625 0.26875
8 0.48828125 0.403125 0.1671875 0.22291666666666668
8 0.48828125 0.378125 0.1671875 0.22291666666666668
8 0.48828125 0.378125 0.1671875 0.22291666666666668
8 0.48828125 0.378125 0.1671875 0.22291666666666668
8 0.48828125 0.378125 0.1671875 0.22291666666666668
8 0.48828125 0.403125 0.1671875 0.22291666666666668
8 0.47421875 0.39479166666666665 0.2015625 0.26875
8 0.47421875 0.39479166666666665 0.2015625 0.26875
8 0.47421875 0.39479166666666665 0.2015625 0.26875
8 0.47421875 0.39479166666666665 0.2015625 0.26875
8 0.47421875 0.39479166666666665 0.2015625 0.26875
8 0.47421875 0.39479166666666665 0.2015625 0.26875
8 0.48828125 0.378125 0.1671875 0.22291666666666668
8 0.48828125 0.378125 0.1671875 0.22291666666666668
8 0.49609375 0.36354166666666665 0.2015625 0.26875
8 0.49609375 0.39479166666666665 0.2015625 0.26875
8 0.51640625 0.40208333333333335 0.2421875 0.32083333333333336
8 0.54296875 0.40208333333333335 0.2421875 0.32083333333333336
8 0.56953125 0.43854166666666666 0.2421875 0.3229166666666667
8 0.61953125 0.4395833333333333 0.2890625 0.3875
4 0.70546875 0.271875 0.3484375 0.46458333333333335
4 0.66640625 0.321875 0.3484375 0.46458333333333335
4 0.6515625 0.3541666666666667 0.290625 0.3875
4 0.61953125 0.3541666666666667 0.2890625 0.3875
28 0.5875 0.3541666666666667 0.290625 0.3875
28 0.56953125 0.365625 0.2421875 0.3229166666666667
28 0.54296875 0.365625 0.2421875 0.3229166666666667
28 0.54296875 0.365625 0.2421875 0.3229166666666667
28 0.51953125 0.36354166666666665 0.2015625 0.26875
28 0.49609375 0.36354166666666665 0.2015625 0.26875
28 0.49609375 0.36354166666666665 0.2015625 0.26875
28 0.48828125 0.353125 0.1671875 0.22291666666666668
28 0.48828125 0.353125 0.1671875 0.22291666666666668
28 0.46953125 0.353125 0.1671875 0.22291666666666668
28 0.46953125 0.353125 0.1671875 0.22291666666666668
28 0.46953125 0.353125 0.1671875 0.22291666666666668
28 0.46796875 0.35625 0.1390625 0.1875
28 0.46796875 0.35625 0.1390625 0.1875
28 0.46796875 0.35625 0.1390625 0.1875
28 0.453125 0.35625 0.140625 0.1875
28 0.453125 0.35625 0.140625 0.1875
28 0.453125 0.35625 0.140625 0.1875
28 0.453125 0.3770833333333333 0.140625 0.1875
28 0.453125 0.3770833333333333 0.140625 0.1875
28 0.453125 0.3770833333333333 0.140625 0.1875
28 0.453125 0.3770833333333333 0.140625 0.1875
28 0.453125 0.3770833333333333 0.140625 0.1875
28 0.453125 0.3770833333333333 0.140625 0.1875
28 0.453125 0.3770833333333333 0.140625 0.1875
28 0.453125 0.3770833333333333 0.140625 0.1875
28 0.453125 0.3770833333333333 0.140625 0.1875
28 0.4375 0.3770833333333333 0.140625 0.1875
28 0.4375 0.3770833333333333 0.140625 0.1875
28 0.4375 0.3770833333333333 0.140625 0.1875
28 0.4375 0.3770833333333333 0.140625 0.1875
28 0.4375 0.3770833333333333 0.140625 0.1875
28 0.4375 0.3770833333333333 0.140625 0.1875
28 0.4375 0.3770833333333333 0.140625 0.1875
28 0.4375 0.3770833333333333 0.140625 0.1875
28 0.4375 0.3770833333333333 0.140625 0.1875
28 0.4375 0.3770833333333333 0.140625 0.1875
28 0.453125 0.3770833333333333 0.140625 0.1875
28 0.453125 0.3770833333333333 0.140625 0.1875
28 0.453125 0.3770833333333333 0.140625 0.1875
28 0.453125 0.3770833333333333 0.140625 0.1875
28 0.45078125 0.378125 0.1671875 0.22291666666666668
28 0.45078125 0.378125 0.1671875 0.22291666666666668
28 0.45078125 0.378125 0.1671875 0.22291666666666668
28 0.45078125 0.378125 0.1671875 0.22291666666666668
28 0.45078125 0.378125 0.1671875 0.22291666666666668
28 0.45078125 0.378125 0.1671875 0.22291666666666668
28 0.46953125 0.403125 0.1671875 0.22291666666666668
28 0.46953125 0.403125 0.1671875 0.22291666666666668
28 0.48828125 0.403125 0.1671875 0.22291666666666668
0 0.51953125 0.4239583333333333 0.2015625 0.26875
28 0.54140625 0.453125 0.2015625 0.26875
7 0.56953125 0.4739583333333333 0.2421875 0.3229166666666667
28 0.6234375 0.4739583333333333 0.240625 0.3229166666666667
28 0.65078125 0.4739583333333333 0.2421875 0.3229166666666667
7 0.70390625 0.43854166666666666 0.2421875 0.3229166666666667
7 0.7578125 0.40208333333333335 0.240625 0.32083333333333336
28 0.2 0.26875 0.290625 0.3875
28 0.2328125 0.31145833333333334 0.290625 0.3854166666666667
28 0.26484375 0.31145833333333334 0.2890625 0.3854166666666667
28 0.26484375 0.31145833333333334 0.2890625 0.3854166666666667
28 0.296875 0.3541666666666667 0.290625 0.3875
28 0.32734375 0.40208333333333335 0.2421875 0.32083333333333336
28 0.32734375 0.40208333333333335 0.2421875 0.32083333333333336
28 0.3546875 0.43854166666666666 0.240625 0.3229166666666667
28 0.38203125 0.43854166666666666 0.2421875 0.3229166666666667
28 0.38203125 0.43854166666666666 0.2421875 0.3229166666666667
28 0.40703125 0.39479166666666665 0.2015625 0.26875
28 0.40859375 0.40208333333333335 0.2421875 0.32083333333333336
28 0.40703125 0.36354166666666665 0.2015625 0.26875
28 0.42890625 0.36354166666666665 0.2015625 0.26875
28 0.43203125 0.353125 0.1671875 0.22291666666666668
28 0.45078125 0.353125 0.1671875 0.22291666666666668
28 0.45078125 0.353125 0.1671875 0.22291666666666668
28 0.45078125 0.328125 0.1671875 0.22291666666666668
28 0.46953125 0.328125 0.1671875 0.22291666666666668
28 0.46953125 0.328125 0.1671875 0.22291666666666668
28 0.46796875 0.33541666666666664 0.1390625 0.1875
28 0.46953125 0.353125 0.1671875 0.22291666666666668
28 0.46953125 0.353125 0.1671875 0.22291666666666668
28 0.48359375 0.35625 0.1390625 0.1875
28 0.48359375 0.35625 0.1390625 0.1875
28 0.48359375 0.35625 0.1390625 0.1875
28 0.48359375 0.35625 0.1390625 0.1875
28 0.48828125 0.378125 0.1671875 0.22291666666666668
28 0.48828125 0.378125 0.1671875 0.22291666666666668
28 0.49921875 0.35625 0.1390625 0.1875
28 0.49921875 0.35625 0.1390625 0.1875
28 0.49921875 0.3770833333333333 0.1390625 0.1875
28 0.49921875 0.3770833333333333 0.1390625 0.1875
28 0.49921875 0.3770833333333333 0.1390625 0.1875
28 0.49921875 0.3770833333333333 0.1390625 0.1875
28 0.49921875 0.3770833333333333 0.1390625 0.1875
28 0.49921875 0.3770833333333333 0.1390625 0.1875
28 0.49921875 0.3770833333333333 0.1390625 0.1875
28 0.49921875 0.3770833333333333 0.1390625 0.1875
28 0.49921875 0.3770833333333333 0.1390625 0.1875
28 0.49921875 0.3770833333333333 0.1390625 0.1875
28 0.49921875 0.3770833333333333 0.1390625 0.1875
28 0.49921875 0.3770833333333333 0.1390625 0.1875
28 0.49921875 0.3770833333333333 0.1390625 0.1875
28 0.49921875 0.3770833333333333 0.1390625 0.1875
28 0.49921875 0.3770833333333333 0.1390625 0.1875
28 0.49921875 0.3770833333333333 0.1390625 0.1875
28 0.49921875 0.3770833333333333 0.1390625 0.1875
28 0.49921875 0.3770833333333333 0.1390625 0.1875
28 0.49921875 0.3770833333333333 0.1390625 0.1875
15 0.50625 0.403125 0.16875 0.22291666666666668
15 0.525 0.403125 0.16875 0.22291666666666668
28 0.53046875 0.39791666666666664 0.1390625 0.1875
28 0.54375 0.403125 0.16875 0.22291666666666668
28 0.5625 0.403125 0.16875 0.22291666666666668
28 0.58125 0.403125 0.16875 0.22291666666666668
28 0.6 0.428125 0.16875 0.22291666666666668
28 0.60859375 0.453125 0.2015625 0.26875
28 0.63046875 0.453125 0.2015625 0.26875
28 0.65390625 0.453125 0.2015625 0.26875
28 0.7484375 0.48333333333333334 0.290625 0.3875
28 0.71640625 0.48333333333333334 0.2890625 0.3875
28 0.66640625 0.478125 0.3484375 0.46458333333333335
28 0.61953125 0.4395833333333333 0.2890625 0.3875
28 0.59609375 0.43854166666666666 0.2421875 0.3229166666666667
5 0.56953125 0.43854166666666666 0.2421875 0.3229166666666667
5 0.54296875 0.43854166666666666 0.2421875 0.3229166666666667
5 0.5234375 0.4395833333333333 0.290625 0.3875
5 0.51640625 0.40208333333333335 0.2421875 0.32083333333333336
5 0.49609375 0.39479166666666665 0.2015625 0.26875
5 0.47421875 0.39479166666666665 0.2015625 0.26875
5 0.47421875 0.39479166666666665 0.2015625 0.26875
5 0.45234375 0.4239583333333333 0.2015625 0.26875
5 0.45234375 0.4239583333333333 0.2015625 0.26875
5 0.42890625 0.4239583333333333 0.2015625 0.26875
5 0.42890625 0.4239583333333333 0.2015625 0.26875
5 0.42890625 0.4239583333333333 0.2015625 0.26875
5 0.42890625 0.4239583333333333 0.2015625 0.26875
5 0.42890625 0.4239583333333333 0.2015625 0.26875
5 0.43203125 0.403125 0.1671875 0.22291666666666668
5 0.43203125 0.403125 0.1671875 0.22291666666666668
5 0.43203125 0.403125 0.1671875 0.22291666666666668
5 0.45078125 0.403125 0.1671875 0.22291666666666668
5 0.45078125 0.403125 0.1671875 0.22291666666666668
5 0.45078125 0.403125 0.1671875 0.22291666666666668
5 0.45078125 0.403125 0.1671875 0.22291666666666668
5 0.45078125 0.403125 0.1671875 0.22291666666666668
5 0.45078125 0.403125 0.1671875 0.22291666666666668
5 0.46953125 0.403125 0.1671875 0.22291666666666668
5 0.46953125 0.403125 0.1671875 0.22291666666666668
5 0.46953125 0.403125 0.1671875 0.22291666666666668
5 0.46953125 0.403125 0.1671875 0.22291666666666668
5 0.46953125 0.403125 0.1671875 0.22291666666666668
5 0.46953125 0.403125 0.1671875 0.22291666666666668
5 0.46953125 0.403125 0.1671875 0.22291666666666668
5 0.46953125 0.403125 0.1671875 0.22291666666666668
5 0.46953125 0.403125 0.1671875 0.22291666666666668
5 0.46953125 0.403125 0.1671875 0.22291666666666668
5 0.46953125 0.403125 0.1671875 0.22291666666666668
5 0.45078125 0.403125 0.1671875 0.22291666666666668
5 0.45078125 0.403125 0.1671875 0.22291666666666668
5 0.45078125 0.403125 0.1671875 0.22291666666666668
5 0.45078125 0.403125 0.1671875 0.22291666666666668
5 0.45078125 0.403125 0.1671875 0.22291666666666668
5 0.45078125 0.403125 0.1671875 0.22291666666666668
5 0.45078125 0.403125 0.1671875 0.22291666666666668
5 0.45078125 0.403125 0.1671875 0.22291666666666668
5 0.45078125 0.403125 0.1671875 0.22291666666666668
5 0.45078125 0.403125 0.1671875 0.22291666666666668
5 0.45078125 0.403125 0.1671875 0.22291666666666668
5 0.45078125 0.403125 0.1671875 0.22291666666666668
5 0.45078125 0.403125 0.1671875 0.22291666666666668
5 0.46953125 0.428125 0.1671875 0.22291666666666668
5 0.46953125 0.428125 0.1671875 0.22291666666666668
5 0.47421875 0.453125 0.2015625 0.26875
5 0.49609375 0.453125 0.2015625 0.26875
28 0.525 0.45208333333333334 0.16875 0.225
5 0.54140625 0.453125 0.2015625 0.26875
5 0.56328125 0.453125 0.2015625 0.26875
5 0.60859375 0.484375 0.2015625 0.26875
